[gd_scene load_steps=4 format=3 uid="uid://cjocewd34e4bp"]

[ext_resource type="PackedScene" uid="uid://7cd7bq27jnyj" path="res://Terrain/BASE_TERRAIN_BLOCKS/block_blank-grass.tscn" id="1_xmh11"]
[ext_resource type="PackedScene" uid="uid://cu6g2i3jshy23" path="res://NPCs/Aliens/alien_for_menu_01_00.tscn" id="2_54l4m"]

[sub_resource type="StandardMaterial3D" id="StandardMaterial3D_5kgoc"]
albedo_color = Color(0, 0, 0, 1)

[node name="Terrain_0" instance=ExtResource("1_xmh11")]
transform = Transform3D(1, 0, 8.72665e-05, 0, 1, 0, -8.72665e-05, 0, 1, 0, 0, -7)
surface_material_override/0 = SubResource("StandardMaterial3D_5kgoc")
is_type = 3

[node name="grass_plane_01-01_00" parent="." index="4"]
visible = false

[node name="alien_for_menu_01_06" parent="." index="5" instance=ExtResource("2_54l4m")]
transform = Transform3D(-1, 0, -8.74206e-08, 0, 1, 0, 8.74206e-08, 0, -1, 5.60025, -0.75, -2.7495)
unhoverable = true

[node name="alien_for_menu_01_11" parent="." index="6" instance=ExtResource("2_54l4m")]
transform = Transform3D(-1, 0, -8.74206e-08, 0, 1, 0, 8.74206e-08, 0, -1, 7.40025, -0.75, -2.74935)
unhoverable = true

[node name="alien_for_menu_01_09" parent="." index="7" instance=ExtResource("2_54l4m")]
transform = Transform3D(-1, 0, -8.74206e-08, 0, 1, 0, 8.74206e-08, 0, -1, -7.79978, -0.75, -2.55068)

[node name="alien_for_menu_01_13" parent="." index="8" instance=ExtResource("2_54l4m")]
transform = Transform3D(-1, 0, -8.74206e-08, 0, 1, 0, 8.74206e-08, 0, -1, 7.19986, -0.75, 1.65062)
unhoverable = true

[node name="alien_for_menu_01_14" parent="." index="9" instance=ExtResource("2_54l4m")]
transform = Transform3D(-1, 0, -8.74206e-08, 0, 1, 0, 8.74206e-08, 0, -1, 4.99988, -0.75, 1.45043)
unhoverable = true

[node name="alien_for_menu_01_15" parent="." index="10" instance=ExtResource("2_54l4m")]
transform = Transform3D(-1, 0, -8.74206e-08, 0, 1, 0, 8.74206e-08, 0, -1, 2.99967, -0.75, 3.85026)
unhoverable = true

[node name="alien_for_menu_01_16" parent="." index="11" instance=ExtResource("2_54l4m")]
transform = Transform3D(-1, 0, -8.74206e-08, 0, 1, 0, 8.74206e-08, 0, -1, 5.20053, -0.75, -5.94955)
unhoverable = true

[node name="alien_for_menu_01_18" parent="." index="12" instance=ExtResource("2_54l4m")]
transform = Transform3D(-1, 1.51537e-05, -1.41319e-06, 1.51688e-05, 0.984808, -0.173648, -1.23968e-06, -0.173648, -0.984808, 5.59932, -0.802093, 7.85506)
unhoverable = true

[node name="alien_for_menu_01_19" parent="." index="13" instance=ExtResource("2_54l4m")]
transform = Transform3D(-1, 1.51537e-05, -1.41319e-06, 1.51688e-05, 0.984808, -0.173648, -1.23968e-06, -0.173648, -0.984808, 7.39932, -0.802094, 7.85521)
unhoverable = true

[node name="alien_for_menu_01_20" parent="." index="14" instance=ExtResource("2_54l4m")]
transform = Transform3D(-1, 0, -8.74206e-08, 0, 1, 0, 8.74206e-08, 0, -1, 1.59971, -0.75, 3.25014)
unhoverable = true

[node name="alien_for_menu_01_21" parent="." index="15" instance=ExtResource("2_54l4m")]
transform = Transform3D(-1, 0, -8.74206e-08, 0, 1, 0, 8.74206e-08, 0, -1, 3.20031, -0.75, -3.54972)
unhoverable = true

[node name="alien_for_menu_01_22" parent="." index="16" instance=ExtResource("2_54l4m")]
transform = Transform3D(-1, 1.51537e-05, -1.41319e-06, 1.51688e-05, 0.984808, -0.173648, -1.23968e-06, -0.173648, -0.984808, -7.80069, -0.767364, 8.05084)

[node name="alien_for_menu_01_24" parent="." index="17" instance=ExtResource("2_54l4m")]
transform = Transform3D(-1, 0, -8.74206e-08, 0, 1, 0, 8.74206e-08, 0, -1, 4.99968, -0.75, 3.65045)
unhoverable = true

[node name="alien_for_menu_01_29" parent="." index="18" instance=ExtResource("2_54l4m")]
transform = Transform3D(-1, 0, -8.74206e-08, 0, 1, 0, 8.74206e-08, 0, -1, 6.99971, -0.75, 3.45061)
unhoverable = true

[node name="alien_for_menu_01_30" parent="." index="19" instance=ExtResource("2_54l4m")]
transform = Transform3D(-1, 0, -8.74206e-08, 0, 1, 0, 8.74206e-08, 0, -1, -3.79986, -0.75, -1.55033)

[node name="alien_for_menu_01_31" parent="." index="20" instance=ExtResource("2_54l4m")]
transform = Transform3D(-1, 1.51537e-05, -1.41319e-06, 1.51688e-05, 0.984808, -0.173648, -1.23968e-06, -0.173648, -0.984808, 1.39929, -0.732635, 8.24861)
unhoverable = true

[node name="alien_for_menu_01_36" parent="." index="21" instance=ExtResource("2_54l4m")]
transform = Transform3D(-1, 0, -8.74206e-08, 0, 1, 0, 8.74206e-08, 0, -1, -3.5995, -0.75, -5.75031)

[node name="alien_for_menu_01_37" parent="." index="22" instance=ExtResource("2_54l4m")]
transform = Transform3D(-1, 1.51537e-05, -1.41319e-06, 1.51688e-05, 0.984808, -0.173648, -1.23968e-06, -0.173648, -0.984808, -1.6007, -0.767365, 8.05138)

[node name="alien_for_menu_01_39" parent="." index="23" instance=ExtResource("2_54l4m")]
transform = Transform3D(-1, 0, -8.74206e-08, 0, 1, 0, 8.74206e-08, 0, -1, -7.60009, -0.75, 1.24933)

[node name="alien_for_menu_01_40" parent="." index="24" instance=ExtResource("2_54l4m")]
transform = Transform3D(-1, 0, -8.74206e-08, 0, 1, 0, 8.74206e-08, 0, -1, -5.20039, -0.75, 4.44953)

[node name="alien_for_menu_01_34" parent="." index="25" instance=ExtResource("2_54l4m")]
transform = Transform3D(-1, 1.51537e-05, -1.41319e-06, 1.51688e-05, 0.984808, -0.173648, -1.23968e-06, -0.173648, -0.984808, 2.79926, -0.697907, 8.44568)
unhoverable = true

[node name="alien_for_menu_01_48" parent="." index="26" instance=ExtResource("2_54l4m")]
transform = Transform3D(-1, 0, -8.74206e-08, 0, 1, 0, 8.74206e-08, 0, -1, -5.60009, -0.75, 1.04951)

[node name="alien_for_menu_01_49" parent="." index="27" instance=ExtResource("2_54l4m")]
transform = Transform3D(-1, 0, -8.74206e-08, 0, 1, 0, 8.74206e-08, 0, -1, 2.9999, -0.75, 1.25026)
unhoverable = true

[node name="alien_for_menu_01_50" parent="." index="28" instance=ExtResource("2_54l4m")]
transform = Transform3D(-1, 0, -8.74206e-08, 0, 1, 0, 8.74206e-08, 0, -1, 1.39992, -0.75, 1.05012)
unhoverable = true

[node name="alien_for_menu_01_51" parent="." index="29" instance=ExtResource("2_54l4m")]
transform = Transform3D(-1, 0, -8.74206e-08, 0, 1, 0, 8.74206e-08, 0, -1, -1.40007, -0.75, 1.04987)

[node name="alien_for_menu_01_53" parent="." index="30" instance=ExtResource("2_54l4m")]
transform = Transform3D(-1, 0, -8.74206e-08, 0, 1, 0, 8.74206e-08, 0, -1, -3.60007, -0.75, 0.849691)

[node name="alien_for_menu_01_54" parent="." index="31" instance=ExtResource("2_54l4m")]
transform = Transform3D(-1, 0, -8.74206e-08, 0, 1, 0, 8.74206e-08, 0, -1, 3.20048, -0.75, -5.54972)
unhoverable = true

[node name="alien_for_menu_01_58" parent="." index="32" instance=ExtResource("2_54l4m")]
transform = Transform3D(-1, 0, -8.74206e-08, 0, 1, 0, 8.74206e-08, 0, -1, 1.20049, -0.75, -5.54989)
unhoverable = true

[node name="alien_for_menu_01_59" parent="." index="33" instance=ExtResource("2_54l4m")]
transform = Transform3D(-1, 0, -8.74206e-08, 0, 1, 0, 8.74206e-08, 0, -1, -1.59951, -0.75, -5.55014)

[node name="alien_for_menu_01_60" parent="." index="34" instance=ExtResource("2_54l4m")]
transform = Transform3D(-1, 0, -8.74206e-08, 0, 1, 0, 8.74206e-08, 0, -1, -7.00044, -0.75, 5.04939)

[node name="alien_for_menu_01_61" parent="." index="35" instance=ExtResource("2_54l4m")]
transform = Transform3D(-1, 0, -8.74206e-08, 0, 1, 0, 8.74206e-08, 0, -1, -3.2004, -0.75, 4.64971)

[node name="alien_for_menu_01_63" parent="." index="36" instance=ExtResource("2_54l4m")]
transform = Transform3D(-1, 0, -8.74206e-08, 0, 1, 0, 8.74206e-08, 0, -1, -5.39979, -0.75, -2.35047)

[node name="alien_for_menu_01_45" parent="." index="37" instance=ExtResource("2_54l4m")]
transform = Transform3D(-1, 0, -8.74206e-08, 0, 1, 0, 8.74206e-08, 0, -1, -5.59945, -0.75, -6.15048)

[node name="alien_for_menu_01_46" parent="." index="38" instance=ExtResource("2_54l4m")]
transform = Transform3D(-1, 0, -8.74206e-08, 0, 1, 0, 8.74206e-08, 0, -1, -1.60039, -0.75, 4.44986)

[node name="alien_for_menu_01_47" parent="." index="39" instance=ExtResource("2_54l4m")]
transform = Transform3D(-1, 1.51537e-05, -1.41319e-06, 1.51688e-05, 0.984808, -0.173648, -1.23968e-06, -0.173648, -0.984808, -5.60074, -0.697906, 8.44495)

[node name="alien_for_menu_01_35" parent="." index="40" instance=ExtResource("2_54l4m")]
transform = Transform3D(-1, 1.51537e-05, -1.41319e-06, 1.51688e-05, 0.984808, -0.173648, -1.23968e-06, -0.173648, -0.984808, -3.60071, -0.732635, 8.24817)

[node name="alien_for_menu_01_66" parent="." index="41" instance=ExtResource("2_54l4m")]
transform = Transform3D(-1, 0, -8.74206e-08, 0, 1, 0, 8.74206e-08, 0, -1, -7.59945, -0.75, -6.15067)

[node name="alien_for_menu_01_67" parent="." index="42" instance=ExtResource("2_54l4m")]
transform = Transform3D(-1, 0, -8.74206e-08, 0, 1, 0, 8.74206e-08, 0, -1, 7.20055, -0.75, -6.14938)
unhoverable = true

[node name="alien_for_menu_01_68" parent="." index="43" instance=ExtResource("2_54l4m")]
transform = Transform3D(-1, 0, -8.74206e-08, 0, 1, 0, 8.74206e-08, 0, -1, 1.20029, -0.75, -3.1499)
unhoverable = true

[node name="alien_for_menu_01_69" parent="." index="44" instance=ExtResource("2_54l4m")]
transform = Transform3D(-1, 0, -8.74206e-08, 0, 1, 0, 8.74206e-08, 0, -1, -1.79974, -0.75, -2.95016)
