[gd_scene load_steps=8 format=3 uid="uid://bfnudmlp0pwbx"]

[ext_resource type="Material" uid="uid://dilbak6dnxepv" path="res://Terrain/texture_colors/dirt.tres" id="1_5ru5q"]
[ext_resource type="PackedScene" uid="uid://b31bi8ri5wql0" path="res://Terrain/Cliffs/cliff_front_01.tscn" id="1_d43iu"]
[ext_resource type="PackedScene" uid="uid://f76a6025mm6h" path="res://Objects/Buildings/Barns/Cow_Barn_01/Cow-Barn_01_00.tscn" id="2_npo4u"]
[ext_resource type="PackedScene" uid="uid://caxqah3ilcvfy" path="res://NPCs/Cows/Cow_01-03_00.tscn" id="3_sy4ou"]

[sub_resource type="PlaneMesh" id="PlaneMesh_wnprt"]
size = Vector2(100, 20)

[sub_resource type="ConcavePolygonShape3D" id="ConcavePolygonShape3D_gjw30"]
data = PackedVector3Array(50, 0, 10, -50, 0, 10, 50, 0, -10, -50, 0, 10, -50, 0, -10, 50, 0, -10)

[sub_resource type="ConvexPolygonShape3D" id="ConvexPolygonShape3D_qwi2u"]
points = PackedVector3Array(-5.99455, -71.0009, -8.31296, -6.39667, -70.7782, -8.31296, -5.80767, 7.41876, -8.32274, -3.38274, 7.41876, -8.30318, -3.34691, 7.46485, 11.6602, -5.99455, -71.0009, 91.582, -6.39667, -2.12064, -8.31296, -6.39667, -70.7782, 91.582, -6.29546, 7.45717, 11.6406, -3.34691, 7.46485, 91.6015, -6.39667, -2.12064, 91.582, -6.29546, 7.45717, 91.5722)

[node name="Terrain_0" type="MeshInstance3D"]
transform = Transform3D(1, 0, 0, 0, 1, 0, 0, 0, 1, 0, 0, -7)
mesh = SubResource("PlaneMesh_wnprt")
surface_material_override/0 = ExtResource("1_5ru5q")

[node name="Ground" type="StaticBody3D" parent="."]
collision_mask = 0

[node name="CollisionShape3D" type="CollisionShape3D" parent="Ground"]
transform = Transform3D(1, 0, 0, 0, 1, 0, 0, 0, 1, 0, 0, 0.013)
shape = SubResource("ConcavePolygonShape3D_gjw30")

[node name="Col_Cliff-Front" type="CollisionShape3D" parent="Ground"]
transform = Transform3D(0, 0, -1, 0, 1, 0, 1, 0, 0, 41.6496, -7.7, 13.3291)
shape = SubResource("ConvexPolygonShape3D_qwi2u")

[node name="cliff_front_01" parent="." instance=ExtResource("1_d43iu")]
transform = Transform3D(1, 0, 0, 0, 1, 0, 0, 0, 1, 0.658, -7.495, 21.33)

[node name="Cow-Barn_01_00" parent="." instance=ExtResource("2_npo4u")]
transform = Transform3D(1, 0, 0, 0, 1, 0, 0, 0, 1, -5.88234, 0, 6.59151)

[node name="Cow-Barn_01_01" parent="." instance=ExtResource("2_npo4u")]
transform = Transform3D(1, 0, 0, 0, 1, 0, 0, 0, 1, 19.628, 0, 1.47436)

[node name="Cow-Barn_01_02" parent="." instance=ExtResource("2_npo4u")]
transform = Transform3D(-4.37114e-08, 0, 1, 0, 1, 0, -1, 0, -4.37114e-08, -15.9378, 0, -2.93108)

[node name="Cow-Barn_01_03" parent="." instance=ExtResource("2_npo4u")]
transform = Transform3D(-4.37114e-08, 0, -1, 0, 1, 0, 1, 0, -4.37114e-08, 6.47629, 0, -2.93108)

[node name="Cow_01-03_00" parent="." instance=ExtResource("3_sy4ou")]
transform = Transform3D(1, 0, 0, 0, 1, 0, 0, 0, 1, -0.190749, 1.19209e-07, 7.58677)

[node name="Cow_01-03_01" parent="." instance=ExtResource("3_sy4ou")]
transform = Transform3D(-0.722629, 0, 0.691236, 0, 1, 0, -0.691236, 0, -0.722629, 1.46166, 1.19209e-07, 7.58677)

[node name="Cow_01-03_02" parent="." instance=ExtResource("3_sy4ou")]
transform = Transform3D(-0.928771, 0, 0.370655, 0, 1, 0, -0.370655, 0, -0.928771, 0.231974, 1.19209e-07, 5.47483)

[node name="Cow_01-03_03" parent="." instance=ExtResource("3_sy4ou")]
transform = Transform3D(0.0429394, 0, 0.999078, 0, 1, 0, -0.999078, 0, 0.0429394, 1.67035, 1.19209e-07, 4.06538)

[node name="Cow_01-03_04" parent="." instance=ExtResource("3_sy4ou")]
transform = Transform3D(0.106733, 0, 0.994288, 0, 1, 0, -0.994288, 0, 0.106733, 2.08857, 1.19209e-07, 4.67361)

[node name="Cow_01-03_05" parent="." instance=ExtResource("3_sy4ou")]
transform = Transform3D(-0.764415, 0, -0.644724, 0, 1, 0, 0.644724, 0, -0.764415, 2.26493, 1.19209e-07, 3.03065)

[node name="Cow_01-03_06" parent="." instance=ExtResource("3_sy4ou")]
transform = Transform3D(-0.467668, 0, -0.883904, 0, 1, 0, 0.883904, 0, -0.467668, 0.0338032, 1.19209e-07, 4.02789)

[node name="Cow_01-03_07" parent="." instance=ExtResource("3_sy4ou")]
transform = Transform3D(-0.988788, 0, 0.149328, 0, 1, 0, -0.149328, 0, -0.988788, -1.21407, 1.19209e-07, 2.4473)

[node name="Cow_01-03_08" parent="." instance=ExtResource("3_sy4ou")]
transform = Transform3D(0.106733, 0, 0.994288, 0, 1, 0, -0.994288, 0, 0.106733, 5.61826, 1.19209e-07, 8.44453)

[node name="Cow_01-03_09" parent="." instance=ExtResource("3_sy4ou")]
transform = Transform3D(-0.764415, 0, -0.644724, 0, 1, 0, 0.644724, 0, -0.764415, 5.79462, 1.19209e-07, 6.80156)

[node name="Cow_01-03_10" parent="." instance=ExtResource("3_sy4ou")]
transform = Transform3D(-0.467668, 0, -0.883904, 0, 1, 0, 0.883904, 0, -0.467668, 3.56349, 1.19209e-07, 7.79881)

[node name="Cow_01-03_11" parent="." instance=ExtResource("3_sy4ou")]
transform = Transform3D(-0.988788, 0, 0.149328, 0, 1, 0, -0.149328, 0, -0.988788, 2.31562, 1.19209e-07, 6.21821)

[node name="Cow_01-03_12" parent="." instance=ExtResource("3_sy4ou")]
transform = Transform3D(-0.317371, 0, 0.948301, 0, 1, 0, -0.948301, 0, -0.317371, 15.4141, 1.19209e-07, 3.85197)

[node name="Cow_01-03_13" parent="." instance=ExtResource("3_sy4ou")]
transform = Transform3D(-0.426158, 0, -0.904649, 0, 1, 0, 0.904649, 0, -0.426158, 14.8896, 1.19209e-07, 2.28499)

[node name="Cow_01-03_14" parent="." instance=ExtResource("3_sy4ou")]
transform = Transform3D(-0.0567276, 0, -0.99839, 0, 1, 0, 0.99839, 0, -0.0567276, 13.2771, 1.19209e-07, 4.12137)

[node name="Cow_01-03_15" parent="." instance=ExtResource("3_sy4ou")]
transform = Transform3D(-0.961055, 0, -0.276359, 0, 1, 0, 0.276359, 0, -0.961055, 11.4841, 1.19209e-07, 3.20467)

[node name="Cow_01-03_16" parent="." instance=ExtResource("3_sy4ou")]
transform = Transform3D(-0.976758, 0, -0.214343, 0, 1, 0, 0.214343, 0, -0.976758, 11.9281, 1.19209e-07, 2.61504)

[node name="Cow_01-03_17" parent="." instance=ExtResource("3_sy4ou")]
transform = Transform3D(0.853996, 0, -0.520279, 0, 1, 0, 0.520279, 0, 0.853996, 10.3141, 1.19209e-07, 2.96922)

[node name="Cow_01-03_18" parent="." instance=ExtResource("3_sy4ou")]
transform = Transform3D(0.986632, 0, -0.162964, 0, 1, 0, 0.162964, 0, 0.986632, 11.9679, 1.19209e-07, 4.76851)

[node name="Cow_01-03_19" parent="." instance=ExtResource("3_sy4ou")]
transform = Transform3D(0.172204, 0, -0.985061, 0, 1, 0, 0.985061, 0, 0.172204, 10.8651, 1.19209e-07, 6.45351)

[node name="Cow_01-03_20" parent="." instance=ExtResource("3_sy4ou")]
transform = Transform3D(-0.976758, 0, -0.214343, 0, 1, 0, 0.214343, 0, -0.976758, 14.3839, 1.19209e-07, -1.92894)

[node name="Cow_01-03_21" parent="." instance=ExtResource("3_sy4ou")]
transform = Transform3D(0.853996, 0, -0.520279, 0, 1, 0, 0.520279, 0, 0.853996, 12.7699, 1.19209e-07, -1.57476)

[node name="Cow_01-03_22" parent="." instance=ExtResource("3_sy4ou")]
transform = Transform3D(0.986632, 0, -0.162964, 0, 1, 0, 0.162964, 0, 0.986632, 14.4237, 1.19209e-07, 0.224524)

[node name="Cow_01-03_23" parent="." instance=ExtResource("3_sy4ou")]
transform = Transform3D(0.172204, 0, -0.985061, 0, 1, 0, 0.985061, 0, 0.172204, 13.3208, 1.19209e-07, 1.90952)

[node name="Cow_01-03_24" parent="." instance=ExtResource("3_sy4ou")]
transform = Transform3D(-0.990689, 0, -0.136148, 0, 1, 0, 0.136148, 0, -0.990689, -8.83157, 1.19209e-07, -4.69462)

[node name="Cow_01-03_25" parent="." instance=ExtResource("3_sy4ou")]
transform = Transform3D(0.810011, 0, -0.586415, 0, 1, 0, 0.586415, 0, 0.810011, -10.4686, 1.19209e-07, -4.46965)

[node name="Cow_01-03_26" parent="." instance=ExtResource("3_sy4ou")]
transform = Transform3D(0.970586, 0, -0.240753, 0, 1, 0, 0.240753, 0, 0.970586, -8.96282, 1.19209e-07, -2.54479)

[node name="Cow_01-03_27" parent="." instance=ExtResource("3_sy4ou")]
transform = Transform3D(0.0934828, 0, -0.995621, 0, 1, 0, 0.995621, 0, 0.0934828, -10.1959, 1.19209e-07, -0.952636)

[node name="Cow_01-03_28" parent="." instance=ExtResource("3_sy4ou")]
transform = Transform3D(0.0296315, 0, -0.999561, 0, 1, 0, 0.999561, 0, 0.0296315, -10.693, 1.19209e-07, -1.49827)

[node name="Cow_01-03_29" parent="." instance=ExtResource("3_sy4ou")]
transform = Transform3D(0.66952, 0, 0.742794, 0, 1, 0, -0.742794, 0, 0.66952, -10.6441, 1.19209e-07, 0.153414)

[node name="Cow_01-03_30" parent="." instance=ExtResource("3_sy4ou")]
transform = Transform3D(0.342971, 0, 0.939346, 0, 1, 0, -0.939346, 0, 0.342971, -8.5695, 1.19209e-07, -1.13831)

[node name="Cow_01-03_31" parent="." instance=ExtResource("3_sy4ou")]
transform = Transform3D(0.999911, 0, -0.0133164, 0, 1, 0, 0.0133164, 0, 0.999911, -7.11805, 1.19209e-07, 0.257676)

[node name="Cow_01-03_32" parent="." instance=ExtResource("3_sy4ou")]
transform = Transform3D(0.0296315, 0, -0.999561, 0, 1, 0, 0.999561, 0, 0.0296315, -14.7033, 1.19209e-07, -4.75351)

[node name="Cow_01-03_33" parent="." instance=ExtResource("3_sy4ou")]
transform = Transform3D(0.66952, 0, 0.742794, 0, 1, 0, -0.742794, 0, 0.66952, -14.6543, 1.19209e-07, -3.10183)

[node name="Cow_01-03_34" parent="." instance=ExtResource("3_sy4ou")]
transform = Transform3D(0.342971, 0, 0.939346, 0, 1, 0, -0.939346, 0, 0.342971, -12.5797, 1.19209e-07, -4.39355)

[node name="Cow_01-03_35" parent="." instance=ExtResource("3_sy4ou")]
transform = Transform3D(0.999911, 0, -0.0133164, 0, 1, 0, 0.0133164, 0, 0.999911, -11.1283, 1.19209e-07, -2.99757)
