[gd_scene load_steps=8 format=3 uid="uid://dqx7ol760j3ud"]

[ext_resource type="PackedScene" uid="uid://b31bi8ri5wql0" path="res://Terrain/Cliffs/cliff_front_01.tscn" id="1_0ita2"]
[ext_resource type="PackedScene" uid="uid://0sdt50wuw41u" path="res://Objects/Foliage/Tree_02/Tree_02_00.tscn" id="2_3uwt2"]
[ext_resource type="PackedScene" uid="uid://c1mgqdi4mt5o8" path="res://Objects/Foliage/Tree_03/Tree_03_00.tscn" id="3_x7ih6"]

[sub_resource type="PlaneMesh" id="PlaneMesh_wnprt"]
size = Vector2(100, 20)

[sub_resource type="StandardMaterial3D" id="StandardMaterial3D_tmqub"]
albedo_color = Color(0.0156863, 0.235294, 0.101961, 1)

[sub_resource type="ConcavePolygonShape3D" id="ConcavePolygonShape3D_gjw30"]
data = PackedVector3Array(50, 0, 10, -50, 0, 10, 50, 0, -10, -50, 0, 10, -50, 0, -10, 50, 0, -10)

[sub_resource type="ConvexPolygonShape3D" id="ConvexPolygonShape3D_qwi2u"]
points = PackedVector3Array(-5.99455, -71.0009, -8.31296, -6.39667, -70.7782, -8.31296, -5.80767, 7.41876, -8.32274, -3.38274, 7.41876, -8.30318, -3.34691, 7.46485, 11.6602, -5.99455, -71.0009, 91.582, -6.39667, -2.12064, -8.31296, -6.39667, -70.7782, 91.582, -6.29546, 7.45717, 11.6406, -3.34691, 7.46485, 91.6015, -6.39667, -2.12064, 91.582, -6.29546, 7.45717, 91.5722)

[node name="Terrain_0" type="MeshInstance3D"]
transform = Transform3D(1, 0, 0, 0, 1, 0, 0, 0, 1, 0, 0, -7)
mesh = SubResource("PlaneMesh_wnprt")
surface_material_override/0 = SubResource("StandardMaterial3D_tmqub")

[node name="Ground" type="StaticBody3D" parent="."]
collision_mask = 0

[node name="CollisionShape3D" type="CollisionShape3D" parent="Ground"]
transform = Transform3D(1, 0, 0, 0, 1, 0, 0, 0, 1, 0, 0, 0.013)
shape = SubResource("ConcavePolygonShape3D_gjw30")

[node name="Col_Cliff-Front" type="CollisionShape3D" parent="Ground"]
transform = Transform3D(0, 0, -1, 0, 1, 0, 1, 0, 0, 41.6496, -7.7, 13.3291)
shape = SubResource("ConvexPolygonShape3D_qwi2u")

[node name="cliff_front_01" parent="." instance=ExtResource("1_0ita2")]
transform = Transform3D(1, 0, 0, 0, 1, 0, 0, 0, 1, 0.658, -7.495, 21.33)

[node name="Tree_02_00" parent="." instance=ExtResource("2_3uwt2")]
transform = Transform3D(1, 0, 0, 0, 1, 0, 0, 0, 1, -3.83174, 0, -1.45586)

[node name="Tree_02_01" parent="." instance=ExtResource("2_3uwt2")]
transform = Transform3D(1, 0, 0, 0, 1, 0, 0, 0, 1, 9.39473, 0, -1.45586)

[node name="Tree_02_02" parent="." instance=ExtResource("2_3uwt2")]
transform = Transform3D(0.212945, 0, 0.977064, 0, 1, 0, -0.977064, 0, 0.212945, 4.41694, 0, 4.17651)

[node name="Tree_02_03" parent="." instance=ExtResource("2_3uwt2")]
transform = Transform3D(-0.999625, 0, -0.0273808, 0, 1, 0, 0.0273808, 0, -0.999625, -6.04028, 0, 4.17651)

[node name="Tree_02_04" parent="." instance=ExtResource("2_3uwt2")]
transform = Transform3D(-0.999625, 0, -0.0273808, 0, 1, 0, 0.0273808, 0, -0.999625, 15.3578, 0, 4.17651)

[node name="Tree_02_05" parent="." instance=ExtResource("2_3uwt2")]
transform = Transform3D(0.435687, 0, -0.900098, 0, 1, 0, 0.900098, 0, 0.435687, 15.3578, 0, -5.31478)

[node name="Tree_02_06" parent="." instance=ExtResource("2_3uwt2")]
transform = Transform3D(0.925983, 0, 0.377566, 0, 1, 0, -0.377566, 0, 0.925983, -13.7232, 0, -5.31478)

[node name="Tree_02_07" parent="." instance=ExtResource("2_3uwt2")]
transform = Transform3D(-0.675372, 0, 0.737478, 0, 1, 0, -0.737478, 0, -0.675372, -13.7232, 0, 5.73459)

[node name="Tree_02_08" parent="." instance=ExtResource("2_3uwt2")]
transform = Transform3D(-0.946604, 0, -0.322398, 0, 1, 0, 0.322398, 0, -0.946604, 22.1889, 0, 5.73459)

[node name="Tree_02_09" parent="." instance=ExtResource("2_3uwt2")]
transform = Transform3D(-0.946604, 0, -0.322398, 0, 1, 0, 0.322398, 0, -0.946604, -9.86266, 0, 7.88783)

[node name="Tree_02_10" parent="." instance=ExtResource("2_3uwt2")]
transform = Transform3D(0.228555, 0, -0.973531, 0, 1, 0, 0.973531, 0, 0.228555, 10.0501, 0, 7.88783)

[node name="Tree_02_11" parent="." instance=ExtResource("2_3uwt2")]
transform = Transform3D(0.228555, 0, -0.973531, 0, 1, 0, 0.973531, 0, 0.228555, -10.4355, 0, 0.537821)

[node name="Tree_02_12" parent="." instance=ExtResource("2_3uwt2")]
transform = Transform3D(0.228555, 0, -0.973531, 0, 1, 0, 0.973531, 0, 0.228555, 12.7059, 0, 0.537821)

[node name="Tree_02_13" parent="." instance=ExtResource("2_3uwt2")]
transform = Transform3D(0.228555, 0, -0.973531, 0, 1, 0, 0.973531, 0, 0.228555, -19.6206, 0, -2.73211)

[node name="Tree_02_14" parent="." instance=ExtResource("2_3uwt2")]
transform = Transform3D(0.967911, 0, -0.251292, 0, 1, 0, 0.251292, 0, 0.967911, 24.5405, 0, -2.73211)

[node name="Tree_02_15" parent="." instance=ExtResource("2_3uwt2")]
transform = Transform3D(0.125766, 0, 0.99206, 0, 1, 0, -0.99206, 0, 0.125766, -8.16664, 0, -6.4387)

[node name="Tree_02_16" parent="." instance=ExtResource("2_3uwt2")]
transform = Transform3D(-0.994043, 0, -0.108988, 0, 1, 0, 0.108988, 0, -0.994043, 6.11407, 0, -6.4387)

[node name="Tree_02_17" parent="." instance=ExtResource("2_3uwt2")]
transform = Transform3D(-0.190192, 0, -0.981747, 0, 1, 0, 0.981747, 0, -0.190192, 6.11407, 0, 8.03508)

[node name="Tree_02_18" parent="." instance=ExtResource("2_3uwt2")]
transform = Transform3D(-0.190192, 0, -0.981747, 0, 1, 0, 0.981747, 0, -0.190192, 25.1094, 0, 8.03508)

[node name="Tree_02_19" parent="." instance=ExtResource("2_3uwt2")]
transform = Transform3D(-0.190192, 0, -0.981747, 0, 1, 0, 0.981747, 0, -0.190192, -19.7984, 0, 8.03508)

[node name="Tree_02_20" parent="." instance=ExtResource("2_3uwt2")]
transform = Transform3D(-0.190192, 0, -0.981747, 0, 1, 0, 0.981747, 0, -0.190192, -23.3943, 0, 1.10704)

[node name="Tree_03_00" parent="." instance=ExtResource("3_x7ih6")]
transform = Transform3D(1, 0, 0, 0, 1, 0, 0, 0, 1, -4.63843, 0, 7.66579)

[node name="Tree_03_01" parent="." instance=ExtResource("3_x7ih6")]
transform = Transform3D(0.793088, 0, 0.609108, 0, 1, 0, -0.609108, 0, 0.793088, 15.4005, 0, 7.66579)

[node name="Tree_03_02" parent="." instance=ExtResource("3_x7ih6")]
transform = Transform3D(0.793088, 0, 0.609108, 0, 1, 0, -0.609108, 0, 0.793088, 7.80352, 0, 2.44004)

[node name="Tree_03_03" parent="." instance=ExtResource("3_x7ih6")]
transform = Transform3D(0.793088, 0, 0.609108, 0, 1, 0, -0.609108, 0, 0.793088, -6.62686, 0, -0.864786)

[node name="Tree_03_04" parent="." instance=ExtResource("3_x7ih6")]
transform = Transform3D(0.793088, 0, 0.609108, 0, 1, 0, -0.609108, 0, 0.793088, 19.1686, 0, -0.864786)

[node name="Tree_03_05" parent="." instance=ExtResource("3_x7ih6")]
transform = Transform3D(-0.395097, 0, 0.918639, 0, 1, 0, -0.918639, 0, -0.395097, -15.0111, 0, -0.864786)

[node name="Tree_03_06" parent="." instance=ExtResource("3_x7ih6")]
transform = Transform3D(-0.86858, 0, 0.49555, 0, 1, 0, -0.49555, 0, -0.86858, 4.49625, 0, -2.53677)

[node name="Tree_03_07" parent="." instance=ExtResource("3_x7ih6")]
transform = Transform3D(-0.86858, 0, 0.49555, 0, 1, 0, -0.49555, 0, -0.86858, 12.2791, 0, -8.57733)

[node name="Tree_03_08" parent="." instance=ExtResource("3_x7ih6")]
transform = Transform3D(-0.86858, 0, 0.49555, 0, 1, 0, -0.49555, 0, -0.86858, -26.22, 0, -8.57733)

[node name="Tree_03_09" parent="." instance=ExtResource("3_x7ih6")]
transform = Transform3D(-0.0722111, 0, -0.997389, 0, 1, 0, 0.997389, 0, -0.0722111, 21.9407, 0, -8.57733)

[node name="Tree_03_10" parent="." instance=ExtResource("3_x7ih6")]
transform = Transform3D(1, 0, 0, 0, 1, 0, 0, 0, 1, -8.82547, -1.90735e-06, 5.02924)

[node name="Tree_03_11" parent="." instance=ExtResource("3_x7ih6")]
transform = Transform3D(-0.426632, 0, 0.904425, 0, 1, 0, -0.904425, 0, -0.426632, 12.5051, -1.90735e-06, 5.02924)

[node name="Tree_03_12" parent="." instance=ExtResource("3_x7ih6")]
transform = Transform3D(-0.726431, 0, -0.68724, 0, 1, 0, 0.68724, 0, -0.726431, -18.5944, -1.90735e-06, 5.02924)

[node name="Tree_03_13" parent="." instance=ExtResource("3_x7ih6")]
transform = Transform3D(-0.726431, 0, -0.68724, 0, 1, 0, 0.68724, 0, -0.726431, 19.2045, -1.90735e-06, 5.02924)

[node name="Tree_03_14" parent="." instance=ExtResource("3_x7ih6")]
transform = Transform3D(-0.726431, 0, -0.68724, 0, 1, 0, 0.68724, 0, -0.726431, -16.5276, -1.90735e-06, 1.18003)

[node name="Tree_03_15" parent="." instance=ExtResource("3_x7ih6")]
transform = Transform3D(0.166321, 0, -0.986072, 0, 1, 0, 0.986072, 0, 0.166321, 28.5709, -1.90735e-06, 1.18003)

[node name="Tree_03_16" parent="." instance=ExtResource("3_x7ih6")]
transform = Transform3D(0.166321, 0, -0.986072, 0, 1, 0, 0.986072, 0, 0.166321, -18.4351, -1.90735e-06, -8.21955)

[node name="Tree_03_17" parent="." instance=ExtResource("3_x7ih6")]
transform = Transform3D(0.851828, 0, -0.523822, 0, 1, 0, 0.523822, 0, 0.851828, 32.1885, -1.90735e-06, -8.21955)

[node name="Tree_03_18" parent="." instance=ExtResource("3_x7ih6")]
transform = Transform3D(0.637545, 0, 0.770413, 0, 1, 0, -0.770413, 0, 0.637545, -30.3989, -1.90735e-06, -4.72946)

[node name="Tree_03_19" parent="." instance=ExtResource("3_x7ih6")]
transform = Transform3D(0.0729595, 0, 0.997335, 0, 1, 0, -0.997335, 0, 0.0729595, 18.3021, -1.90735e-06, -6.26738)

[node name="Tree_03_20" parent="." instance=ExtResource("3_x7ih6")]
transform = Transform3D(-0.980168, 0, -0.198171, 0, 1, 0, 0.198171, 0, -0.980168, -2.80061, -1.90735e-06, 3.21648)

[node name="Tree_03_21" parent="." instance=ExtResource("3_x7ih6")]
transform = Transform3D(-0.980168, 0, -0.198171, 0, 1, 0, 0.198171, 0, -0.980168, -2.80061, -1.90735e-06, 3.21648)

[node name="Tree_03_22" parent="." instance=ExtResource("3_x7ih6")]
transform = Transform3D(-0.980168, 0, -0.198171, 0, 1, 0, 0.198171, 0, -0.980168, -3.46509, -1.90735e-06, -6.63121)

[node name="Tree_03_23" parent="." instance=ExtResource("3_x7ih6")]
transform = Transform3D(0.591465, 0, -0.806331, 0, 1, 0, 0.806331, 0, 0.591465, 2.50926, -1.90735e-06, -6.63121)

[node name="Tree_03_24" parent="." instance=ExtResource("3_x7ih6")]
transform = Transform3D(0.591465, 0, -0.806331, 0, 1, 0, 0.806331, 0, 0.591465, 2.50926, -1.90735e-06, 8.03656)

[node name="Tree_03_25" parent="." instance=ExtResource("3_x7ih6")]
transform = Transform3D(0.591465, 0, -0.806331, 0, 1, 0, 0.806331, 0, 0.591465, -2.16634, -1.90735e-06, 8.03656)

[node name="Tree_03_26" parent="." instance=ExtResource("3_x7ih6")]
transform = Transform3D(-0.247946, 0, 0.968774, 0, 1, 0, -0.968774, 0, -0.247946, -15.4733, -1.90735e-06, 8.03656)

[node name="Tree_03_27" parent="." instance=ExtResource("3_x7ih6")]
transform = Transform3D(-0.247946, 0, 0.968774, 0, 1, 0, -0.968774, 0, -0.247946, 19.0289, -1.90735e-06, 8.03656)

[node name="Tree_03_28" parent="." instance=ExtResource("3_x7ih6")]
transform = Transform3D(-0.247946, 0, 0.968774, 0, 1, 0, -0.968774, 0, -0.247946, 23.2068, -1.90735e-06, -6.1178)
