[gd_scene load_steps=9 format=3 uid="uid://g6bwufbiw8l4"]

[ext_resource type="Script" path="res://Terrain/Block.gd" id="1_13yil"]
[ext_resource type="PackedScene" uid="uid://b31bi8ri5wql0" path="res://Terrain/Cliffs/cliff_front_01.tscn" id="1_if8jr"]
[ext_resource type="PackedScene" uid="uid://b4qm8k4sih532" path="res://Objects/Buildings/Houses/House_01-02_00.tscn" id="2_fht0a"]
[ext_resource type="PackedScene" uid="uid://dibay38r3ct56" path="res://NPCs/Humans/human_01_00.tscn" id="3_f5n1u"]

[sub_resource type="PlaneMesh" id="PlaneMesh_wnprt"]
size = Vector2(100, 20)

[sub_resource type="StandardMaterial3D" id="StandardMaterial3D_tmqub"]
albedo_color = Color(0.0156863, 0.235294, 0.101961, 1)

[sub_resource type="ConcavePolygonShape3D" id="ConcavePolygonShape3D_gjw30"]
data = PackedVector3Array(50, 0, 10, -50, 0, 10, 50, 0, -10, -50, 0, 10, -50, 0, -10, 50, 0, -10)

[sub_resource type="ConvexPolygonShape3D" id="ConvexPolygonShape3D_qwi2u"]
points = PackedVector3Array(-5.99455, -71.0009, -8.31296, -6.39667, -70.7782, -8.31296, -5.80767, 7.41876, -8.32274, -3.38274, 7.41876, -8.30318, -3.34691, 7.46485, 11.6602, -5.99455, -71.0009, 91.582, -6.39667, -2.12064, -8.31296, -6.39667, -70.7782, 91.582, -6.29546, 7.45717, 11.6406, -3.34691, 7.46485, 91.6015, -6.39667, -2.12064, 91.582, -6.29546, 7.45717, 91.5722)

[node name="Terrain_0" type="MeshInstance3D"]
transform = Transform3D(1, 0, 0, 0, 1, 0, 0, 0, 1, 0, 0, -7)
mesh = SubResource("PlaneMesh_wnprt")
surface_material_override/0 = SubResource("StandardMaterial3D_tmqub")
script = ExtResource("1_13yil")

[node name="Ground" type="StaticBody3D" parent="."]
collision_mask = 0

[node name="CollisionShape3D" type="CollisionShape3D" parent="Ground"]
transform = Transform3D(1, 0, 0, 0, 1, 0, 0, 0, 1, 0, 0, 0.013)
shape = SubResource("ConcavePolygonShape3D_gjw30")

[node name="Col_Cliff-Front" type="CollisionShape3D" parent="Ground"]
transform = Transform3D(0, 0, -1, 0, 1, 0, 1, 0, 0, 41.6496, -7.7, 13.3291)
shape = SubResource("ConvexPolygonShape3D_qwi2u")

[node name="cliff_front_01" parent="." instance=ExtResource("1_if8jr")]
transform = Transform3D(1, 0, 0, 0, 1, 0, 0, 0, 1, 0.658, -7.495, 21.33)

[node name="house_01-02_00" parent="." instance=ExtResource("2_fht0a")]
transform = Transform3D(-4.37114e-08, 0, 1, 0, 1, 0, -1, 0, -4.37114e-08, -7.40302, -1.19209e-07, -5.46869)

[node name="house_01-02_02" parent="." instance=ExtResource("2_fht0a")]
transform = Transform3D(1, 0, 0, 0, 1, 0, 0, 0, 1, -13.1995, -1.19209e-07, -2.32835)

[node name="house_01-02_03" parent="." instance=ExtResource("2_fht0a")]
transform = Transform3D(-1, 0, -8.74228e-08, 0, 1, 0, 8.74228e-08, 0, -1, -13.1995, -1.19209e-07, 2.85697)

[node name="house_01-02_01" parent="." instance=ExtResource("2_fht0a")]
transform = Transform3D(-4.37114e-08, 0, 1, 0, 1, 0, -1, 0, -4.37114e-08, -7.40302, -1.19209e-07, 6.37777)

[node name="house_01-02_04" parent="." instance=ExtResource("2_fht0a")]
transform = Transform3D(-4.37114e-08, 0, -1, 0, 1, 0, 1, 0, -4.37114e-08, 5.84833, -1.19209e-07, -5.46869)

[node name="house_01-02_05" parent="." instance=ExtResource("2_fht0a")]
transform = Transform3D(1, 0, 0, 0, 1, 0, 0, 0, 1, 13.3195, -1.19209e-07, -2.32835)

[node name="house_01-02_06" parent="." instance=ExtResource("2_fht0a")]
transform = Transform3D(-1, 0, -8.74228e-08, 0, 1, 0, 8.74228e-08, 0, -1, 13.3195, -1.19209e-07, 2.85697)

[node name="house_01-02_07" parent="." instance=ExtResource("2_fht0a")]
transform = Transform3D(-4.37114e-08, 0, -1, 0, 1, 0, 1, 0, -4.37114e-08, 6.252, -1.19209e-07, 6.37777)

[node name="Human_01_00" parent="." instance=ExtResource("3_f5n1u")]
transform = Transform3D(0.490752, 0, 0.871299, 0, 1, 0, -0.871299, 0, 0.490752, -4.70186, -4.76837e-07, 4.49861)

[node name="Human_01_03" parent="." instance=ExtResource("3_f5n1u")]
transform = Transform3D(0.150743, 0, -0.988573, 0, 1, 0, 0.988573, 0, 0.150743, 5.10599, -4.76837e-07, -1.02272)

[node name="Human_01_04" parent="." instance=ExtResource("3_f5n1u")]
transform = Transform3D(-0.942011, 0, -0.335583, 0, 1, 0, 0.335583, 0, -0.942011, 2.19763, -4.76837e-07, 5.32262)

[node name="Human_01_05" parent="." instance=ExtResource("3_f5n1u")]
transform = Transform3D(-0.507162, 0, 0.861851, 0, 1, 0, -0.861851, 0, -0.507162, -2.81221, -4.76837e-07, 3.19135)

[node name="Human_01_06" parent="." instance=ExtResource("3_f5n1u")]
transform = Transform3D(0.882948, 0, 0.469472, 0, 1, 0, -0.469472, 0, 0.882948, -3.15314, -4.76837e-07, -0.177479)

[node name="Human_01_07" parent="." instance=ExtResource("3_f5n1u")]
transform = Transform3D(0.315036, 0, -0.94908, 0, 1, 0, 0.94908, 0, 0.315036, 5.10287, -4.76837e-07, 3.36439)

[node name="Human_01_08" parent="." instance=ExtResource("3_f5n1u")]
transform = Transform3D(-0.95357, 0, -0.301172, 0, 1, 0, 0.301172, 0, -0.95357, 4.1907, -4.76837e-07, 6.12572)

[node name="Human_01_09" parent="." instance=ExtResource("3_f5n1u")]
transform = Transform3D(0.862293, 0, -0.50641, 0, 1, 0, 0.50641, 0, 0.862293, 5.71599, -4.76837e-07, 1.84212)

[node name="Human_01_10" parent="." instance=ExtResource("3_f5n1u")]
transform = Transform3D(0.760565, 0, 0.649262, 0, 1, 0, -0.649262, 0, 0.760565, -1.35286, -4.76837e-07, -2.67191)

[node name="Human_01_01" parent="." instance=ExtResource("3_f5n1u")]
transform = Transform3D(0.958412, 0, 0.285387, 0, 1, 0, -0.285387, 0, 0.958412, 2.78454, -4.76837e-07, -6.98117)

[node name="Human_01_02" parent="." instance=ExtResource("3_f5n1u")]
transform = Transform3D(-0.721506, 0, 0.692408, 0, 1, 0, -0.692408, 0, -0.721506, -3.87286, -4.76837e-07, 5.80256)
