[gd_scene load_steps=31 format=3 uid="uid://cvbtgm33srfd6"]

[ext_resource type="PackedScene" uid="uid://7cd7bq27jnyj" path="res://Terrain/BASE_TERRAIN_BLOCKS/block_blank-grass.tscn" id="1_vk10d"]
[ext_resource type="Shader" path="res://Collaborator Experiments/Pierogigon/Terrain/terrain_level_shader_pierogi.gdshader" id="2_wsyns"]
[ext_resource type="Texture2D" uid="uid://fookdwy6s8g0" path="res://Terrain/terrain_level_01_textures/ranch_gradient_04.tres" id="3_3pr2p"]
[ext_resource type="Texture2D" uid="uid://ddq6f7lpccpn3" path="res://Terrain/terrain_level_01_textures/block_level-01_cattle-ranch_03.png" id="4_ayd7t"]
[ext_resource type="Texture2D" uid="uid://crjgw5oqy85yr" path="res://Terrain/terrain_level_01_textures/block_level-01_noise_01.tres" id="5_uyybg"]
[ext_resource type="PackedScene" uid="uid://dxjkdmi6v6583" path="res://Objects/Buildings/Barns/Cow_Barn_01/Cow-Barn_02_00.tscn" id="6_p761v"]
[ext_resource type="PackedScene" uid="uid://bqvuhngd0g34n" path="res://Objects/Foliage/Crops/corn_3_row_00.tscn" id="9_p6mwt"]
[ext_resource type="PackedScene" uid="uid://b1jpfiy4cphy7" path="res://Objects/Fences/fence_01_row-05_00.tscn" id="11_774c0"]
[ext_resource type="PackedScene" uid="uid://cargusbhk5lxh" path="res://Objects/Fences/fence_01_row-05_00_meshes-only.tscn" id="12_ulue0"]
[ext_resource type="PackedScene" uid="uid://caxqah3ilcvfy" path="res://NPCs/Cows/Cow_01-03_00.tscn" id="13_hq45j"]
[ext_resource type="Gradient" uid="uid://xtqbfuc7j53y" path="res://Terrain/terrain_textures/block_level-01_dirt-top-layer.tres" id="14_kmunf"]
[ext_resource type="PackedScene" uid="uid://ce4fmb5061j0k" path="res://Objects/Buildings/Barns/Cow_Barn_01/cow_barn_01_02_00.tscn" id="15_5u1ck"]
[ext_resource type="PackedScene" uid="uid://cbdts1xv5dfj" path="res://Objects/Buildings/Barns/Tool_Shed_01/tool_shed_01_01_00.tscn" id="15_ku7vt"]
[ext_resource type="PackedScene" uid="uid://c38gh10m7j0yh" path="res://Objects/Misc/solar-panel-ground-02_00.tscn" id="16_1y164"]
[ext_resource type="PackedScene" uid="uid://bka4q282pwrgs" path="res://NPCs/Cars/Pickup Trucks/truck_pickup_01_00.tscn" id="16_dx25n"]
[ext_resource type="PackedScene" uid="uid://cdgtkxeebdtqm" path="res://Objects/Misc/hay_bale_round_01_01_00.tscn" id="16_oaihm"]
[ext_resource type="PackedScene" uid="uid://c4oqx7gllpfj7" path="res://Objects/Foliage/Tree_01/Tree_01-02_mesh-only_00.tscn" id="17_wbd1p"]
[ext_resource type="PackedScene" uid="uid://d21gtemvo26ou" path="res://Objects/Misc/electric_pole_01_01_00.tscn" id="17_xvgbo"]
[ext_resource type="PackedScene" uid="uid://bkwsnbugupr16" path="res://Objects/Misc/windmill-water_01_01_00.tscn" id="18_28sth"]
[ext_resource type="PackedScene" path="res://Objects/Foliage/Grass/grass_hider.tscn" id="20_pg0q7"]

[sub_resource type="ShaderMaterial" id="ShaderMaterial_sncx2"]
render_priority = 0
shader = ExtResource("2_wsyns")
shader_parameter/albedo_a = Color(0.392157, 0.235294, 0.184314, 1)
shader_parameter/albedo_b = Color(0.0156863, 0.235294, 0.101961, 1)
shader_parameter/noise_size = 2.2
shader_parameter/noise_strength = 1.0
shader_parameter/dirtiness = 0.933
shader_parameter/blue_value_ratio = 1.066
shader_parameter/mask_texture = ExtResource("4_ayd7t")
shader_parameter/noise_texture = ExtResource("5_uyybg")
shader_parameter/gradient_texture_1 = ExtResource("3_3pr2p")

[sub_resource type="FastNoiseLite" id="FastNoiseLite_2etc1"]
noise_type = 5
seed = 90
frequency = 0.0185
fractal_octaves = 1
fractal_lacunarity = 2.215
fractal_gain = 0.615
fractal_weighted_strength = 0.01
cellular_jitter = 0.91

[sub_resource type="NoiseTexture2D" id="NoiseTexture2D_jp685"]
color_ramp = ExtResource("14_kmunf")
noise = SubResource("FastNoiseLite_2etc1")

[sub_resource type="StandardMaterial3D" id="StandardMaterial3D_co2cf"]
albedo_color = Color(0.0784314, 0.054902, 0.301961, 1)
metallic = 0.42
roughness = 0.4

[sub_resource type="BoxMesh" id="BoxMesh_u30gi"]
size = Vector3(8.079, 1, 15.71)

[sub_resource type="BoxMesh" id="BoxMesh_sq5o3"]
size = Vector3(5.89, 1, 8.28)

[sub_resource type="BoxMesh" id="BoxMesh_wswo1"]
size = Vector3(3.08, 1, 5.325)

[sub_resource type="BoxMesh" id="BoxMesh_7ophr"]
size = Vector3(13.32, 1, 7.315)

[sub_resource type="BoxMesh" id="BoxMesh_pjo51"]
size = Vector3(10.92, 1, 15.33)

[sub_resource type="BoxMesh" id="BoxMesh_gl4hf"]
size = Vector3(11.16, 1, 4.71)

[node name="Terrain_0" instance=ExtResource("1_vk10d")]
surface_material_override/0 = SubResource("ShaderMaterial_sncx2")
is_type = 2

[node name="Cow_Barn_02" parent="." index="4" instance=ExtResource("6_p761v")]
transform = Transform3D(-0.866025, 0, 0.5, 0, 1, 0, -0.5, 0, -0.866025, -22.6484, -0.0110502, 3.33845)

[node name="Corn_3_Row_00" parent="." index="5" instance=ExtResource("9_p6mwt")]
transform = Transform3D(1, 0, 0, 0, 1, 0, 0, 0, 1, 1.49615, 0, 0)

[node name="Corn_3_Row_01" parent="." index="6" instance=ExtResource("9_p6mwt")]
transform = Transform3D(1, 0, 0, 0, 1, 0, 0, 0, 1, 12.026, 0, 0)

[node name="Corn_3_Row_02" parent="." index="7" instance=ExtResource("9_p6mwt")]
transform = Transform3D(1, 0, 0, 0, 1, 0, 0, 0, 1, 22.455, 0, 0)

[node name="Fence_01_row-05_12" parent="." index="8" instance=ExtResource("11_774c0")]
transform = Transform3D(0.5, 0, 0.866025, 0, 1, 0, -0.866025, 0, 0.5, -24.5219, 0, -0.428831)

[node name="Fence_01_row-05_34" parent="." index="9" instance=ExtResource("11_774c0")]
transform = Transform3D(0.5, 0, 0.866025, 0, 1, 0, -0.866025, 0, 0.5, -8.97974, 0, 2.38526)

[node name="Fence_01_row-05_35" parent="." index="10" instance=ExtResource("11_774c0")]
transform = Transform3D(0.5, 0, 0.866025, 0, 1, 0, -0.866025, 0, 0.5, -14.5506, 0, -0.821881)

[node name="Fence_01_row-05_36" parent="." index="11" instance=ExtResource("11_774c0")]
transform = Transform3D(0.5, 0, 0.866025, 0, 1, 0, -0.866025, 0, 0.5, -15.6006, 0, 0.996772)

[node name="Fence_01_row-05_38" parent="." index="12" instance=ExtResource("11_774c0")]
transform = Transform3D(-0.866025, 0, 0.5, 0, 1, 0, -0.5, 0, -0.866025, -15.2029, 0, 2.44741)

[node name="Fence_01_row-05_39" parent="." index="13" instance=ExtResource("11_774c0")]
transform = Transform3D(-0.866025, 0, 0.5, 0, 1, 0, -0.5, 0, -0.866025, -13.3507, 0, 3.51678)

[node name="Fence_01_row-05_41" parent="." index="14" instance=ExtResource("11_774c0")]
transform = Transform3D(-0.866025, 0, 0.5, 0, 1, 0, -0.5, 0, -0.866025, -7.63127, 0, -6.33657)

[node name="Fence_01_row-05_40" parent="." index="15" instance=ExtResource("11_774c0")]
transform = Transform3D(-0.866025, 0, 0.5, 0, 1, 0, -0.5, 0, -0.866025, -11.4961, 0, 4.58751)

[node name="Fence_01_row-05_37" parent="." index="16" instance=ExtResource("11_774c0")]
transform = Transform3D(0.5, 0, 0.866025, 0, 1, 0, -0.866025, 0, 0.5, -10.0297, 0, 4.20392)

[node name="Fence_01_row-05_31" parent="." index="17" instance=ExtResource("11_774c0")]
transform = Transform3D(0.5, 0, 0.866025, 0, 1, 0, -0.866025, 0, 0.5, -26.8469, 0, 3.59819)

[node name="Fence_01_row-05_32" parent="." index="18" instance=ExtResource("11_774c0")]
transform = Transform3D(0.5, 0, 0.866025, 0, 1, 0, -0.866025, 0, 0.5, -27.9344, 0, 5.48179)

[node name="Fence_01_row-05_33" parent="." index="19" instance=ExtResource("11_774c0")]
transform = Transform3D(0.5, 0, 0.866025, 0, 1, 0, -0.866025, 0, 0.5, -29.0219, 0, 7.3654)

[node name="Fence_01_row-05_42" parent="." index="20" instance=ExtResource("11_774c0")]
transform = Transform3D(0.866025, 0, -0.5, 0, 1, 0, 0.5, 0, 0.866025, -30.4894, 0, 7.76477)

[node name="Fence_01_row-05_13" parent="." index="21" instance=ExtResource("11_774c0")]
transform = Transform3D(-0.866025, 0, 0.5, 0, 1, 0, -0.5, 0, -0.866025, -24.9063, 0, -1.86316)

[node name="Fence_01_row-05_20" parent="." index="22" instance=ExtResource("11_774c0")]
transform = Transform3D(-0.866025, 0, 0.5, 0, 1, 0, -0.5, 0, -0.866025, -26.7249, 0, -2.91316)

[node name="Fence_01_row-05_30" parent="." index="23" instance=ExtResource("11_774c0")]
transform = Transform3D(-0.866025, 0, 0.5, 0, 1, 0, -0.5, 0, -0.866025, -28.6085, 0, -4.00066)

[node name="Fence_01_row-05_meshes_08" parent="." index="24" instance=ExtResource("12_ulue0")]
transform = Transform3D(0.866025, 0, -0.5, 0, 1, 0, 0.5, 0, 0.866025, -30.4607, 0, -5.05273)

[node name="Fence_01_row-05_meshes_09" parent="." index="25" instance=ExtResource("12_ulue0")]
transform = Transform3D(0.866025, 0, -0.5, 0, 1, 0, 0.5, 0, 0.866025, -31.9406, 0, -5.90339)

[node name="Fence_01_row-05_meshes_10" parent="." index="26" instance=ExtResource("12_ulue0")]
transform = Transform3D(0.866025, 0, -0.5, 0, 1, 0, 0.5, 0, 0.866025, -33.8019, 0, -6.96848)

[node name="Fence_01_row-05_meshes_11" parent="." index="27" instance=ExtResource("12_ulue0")]
transform = Transform3D(0.866025, 0, -0.5, 0, 1, 0, 0.5, 0, 0.866025, -35.6441, 0, -8.03207)

[node name="Fence_01_row-05_meshes_15" parent="." index="28" instance=ExtResource("12_ulue0")]
transform = Transform3D(0.866025, 0, -0.5, 0, 1, 0, 0.5, 0, 0.866025, -31.9786, 0, 6.90121)

[node name="Fence_01_row-05_meshes_16" parent="." index="29" instance=ExtResource("12_ulue0")]
transform = Transform3D(0.866025, 0, -0.5, 0, 1, 0, 0.5, 0, 0.866025, -33.8399, 0, 5.83612)

[node name="Fence_01_row-05_meshes_17" parent="." index="30" instance=ExtResource("12_ulue0")]
transform = Transform3D(0.866025, 0, -0.5, 0, 1, 0, 0.5, 0, 0.866025, -35.6821, 0, 4.77253)

[node name="Fence_01_row-05_meshes_18" parent="." index="31" instance=ExtResource("12_ulue0")]
transform = Transform3D(0.866025, 0, -0.5, 0, 1, 0, 0.5, 0, 0.866025, -37.5313, 0, 3.69157)

[node name="Fence_01_row-05_meshes_19" parent="." index="32" instance=ExtResource("12_ulue0")]
transform = Transform3D(0.866025, 0, -0.5, 0, 1, 0, 0.5, 0, 0.866025, -39.0112, 0, 2.84091)

[node name="Fence_01_row-05_meshes_20" parent="." index="33" instance=ExtResource("12_ulue0")]
transform = Transform3D(0.866025, 0, -0.5, 0, 1, 0, 0.5, 0, 0.866025, -40.8754, 0, 1.78599)

[node name="Fence_01_row-05_meshes_12" parent="." index="34" instance=ExtResource("12_ulue0")]
transform = Transform3D(0.5, 0, 0.866025, 0, 1, 0, -0.866025, 0, 0.5, -37.0784, 0, -7.64775)

[node name="Fence_01_row-05_meshes_13" parent="." index="35" instance=ExtResource("12_ulue0")]
transform = Transform3D(0.5, 0, 0.866025, 0, 1, 0, -0.866025, 0, 0.5, -38.1465, 0, -5.79782)

[node name="Fence_01_row-05_meshes_21" parent="." index="36" instance=ExtResource("12_ulue0")]
transform = Transform3D(0.5, 0, 0.866025, 0, 1, 0, -0.866025, 0, 0.5, -39.219, 0, -3.94023)

[node name="Fence_01_row-05_meshes_22" parent="." index="37" instance=ExtResource("12_ulue0")]
transform = Transform3D(0.5, 0, 0.866025, 0, 1, 0, -0.866025, 0, 0.5, -40.2993, 0, -2.06908)

[node name="Fence_01_row-05_meshes_23" parent="." index="38" instance=ExtResource("12_ulue0")]
transform = Transform3D(0.5, 0, 0.866025, 0, 1, 0, -0.866025, 0, 0.5, -41.3657, 0, -0.212603)

[node name="Cow_01-03_07" parent="." index="39" instance=ExtResource("13_hq45j")]
transform = Transform3D(0.5, 0, -0.866025, 0, 1, 0, 0.866025, 0, 0.5, -22.1846, 0.0995563, 2.5625)

[node name="Cow_01-03_08" parent="." index="40" instance=ExtResource("13_hq45j")]
transform = Transform3D(-0.5, 0, -0.866025, 0, 1, 0, 0.866025, 0, -0.5, -22.8341, 0.0995563, 2.1875)

[node name="Cow_01-03_09" parent="." index="41" instance=ExtResource("13_hq45j")]
transform = Transform3D(-0.866025, 0, -0.5, 0, 1, 0, 0.5, 0, -0.866025, -21.535, 0.0995563, 2.9375)

[node name="Cow_01-03_10" parent="." index="42" instance=ExtResource("13_hq45j")]
transform = Transform3D(-0.866025, 0, -0.5, 0, 1, 0, 0.5, 0, -0.866025, -20.8855, 0.0995563, 3.3125)

[node name="Cow_01-03_11" parent="." index="43" instance=ExtResource("13_hq45j")]
transform = Transform3D(-0.258819, 0, -0.965926, 0, 1, 0, 0.965926, 0, -0.258819, -20.236, 0.0995563, 3.6875)

[node name="Cow_01-03_12" parent="." index="44" instance=ExtResource("13_hq45j")]
transform = Transform3D(-0.642787, 0, -0.766044, 0, 1, 0, 0.766044, 0, -0.642787, -19.5865, 0.0995563, 4.0625)

[node name="Cow_01-03_13" parent="." index="45" instance=ExtResource("13_hq45j")]
transform = Transform3D(-0.407438, 0, -0.913232, 0, 1, 0, 0.913232, 0, -0.407438, -24.6748, 0.0995563, 1.23106)

[node name="Cow_01-03_14" parent="." index="46" instance=ExtResource("13_hq45j")]
transform = Transform3D(0.894115, 0, -0.447837, 0, 1, 0, 0.447837, 0, 0.894115, -24.2564, 0.0995563, 2.96367)

[node name="Cow_01-03_25" parent="." index="47" instance=ExtResource("13_hq45j")]
transform = Transform3D(0.829506, 0, -0.558498, 0, 1, 0, 0.558498, 0, 0.829506, -24.46, 0.0995563, 3.3702)

[node name="Cow_01-03_15" parent="." index="48" instance=ExtResource("13_hq45j")]
transform = Transform3D(-0.498866, 0, -0.866679, 0, 1, 0, 0.866679, 0, -0.498866, -24.2445, 0.0995563, 1.44871)

[node name="Cow_01-03_16" parent="." index="49" instance=ExtResource("13_hq45j")]
transform = Transform3D(-0.183282, 0, -0.98306, 0, 1, 0, 0.98306, 0, -0.183282, -23.8204, 0.0995563, 1.7131)

[node name="Cow_01-03_17" parent="." index="50" instance=ExtResource("13_hq45j")]
transform = Transform3D(0.813963, 0, -0.580916, 0, 1, 0, 0.580916, 0, 0.813963, -21.5318, 0.0995563, 4.07912)

[node name="Cow_01-03_26" parent="." index="51" instance=ExtResource("13_hq45j")]
transform = Transform3D(-0.877515, 0, 0.47955, 0, 1, 0, -0.47955, 0, -0.877515, -20.6242, 0.0995563, 4.60399)

[node name="Cow_01-03_19" parent="." index="52" instance=ExtResource("13_hq45j")]
transform = Transform3D(0.834511, 0, -0.550991, 0, 1, 0, 0.550991, 0, 0.834511, -22.0093, 0.0995563, 4.25489)

[node name="Cow_01-03_27" parent="." index="53" instance=ExtResource("13_hq45j")]
transform = Transform3D(-0.893998, 0, 0.448071, 0, 1, 0, -0.448071, 0, -0.893998, -20.8654, 0.0995563, 4.90945)

[node name="Cow_01-03_28" parent="." index="54" instance=ExtResource("13_hq45j")]
transform = Transform3D(-0.867071, 0, 0.498185, 0, 1, 0, -0.498185, 0, -0.867071, -21.1808, 0.0995563, 5.17767)

[node name="Cow_01-03_20" parent="." index="55" instance=ExtResource("13_hq45j")]
transform = Transform3D(0.809704, 0, -0.586839, 0, 1, 0, 0.586839, 0, 0.809704, -22.0925, 0.0995563, 4.64162)

[node name="Cow_01-03_21" parent="." index="56" instance=ExtResource("13_hq45j")]
transform = Transform3D(-0.842763, 0, 0.538286, 0, 1, 0, -0.538286, 0, -0.842763, -23.2476, 0.0995563, 3.98823)

[node name="Cow_01-03_22" parent="." index="57" instance=ExtResource("13_hq45j")]
transform = Transform3D(-0.842763, 0, 0.538286, 0, 1, 0, -0.538286, 0, -0.842763, -22.8742, 0.0995563, 3.67235)

[node name="Cow_01-03_23" parent="." index="58" instance=ExtResource("13_hq45j")]
transform = Transform3D(-0.842763, 0, 0.538286, 0, 1, 0, -0.538286, 0, -0.842763, -22.9248, 0.0995562, 3.26792)

[node name="Cow_01-03_24" parent="." index="59" instance=ExtResource("13_hq45j")]
transform = Transform3D(0.925071, 0, -0.379795, 0, 1, 0, 0.379795, 0, 0.925071, -23.9268, 0.0995562, 2.68078)

[node name="Cow_01-03_18" parent="." index="60" instance=ExtResource("13_hq45j")]
transform = Transform3D(-0.642787, 0, -0.766044, 0, 1, 0, 0.766044, 0, -0.642787, -23.4396, 0.0995563, 1.95275)

[node name="Decal" type="Decal" parent="." index="61"]
transform = Transform3D(1, 0, 0, 0, 1, 0, 0, 0, 1, 27.155, 0, 0)
visible = false
sorting_offset = -1.0
size = Vector3(25, 2, 12)
texture_albedo = SubResource("NoiseTexture2D_jp685")
upper_fade = 0.878451
lower_fade = 0.178381

[node name="tool-shed_01-01_00" parent="." index="62" instance=ExtResource("15_ku7vt")]
transform = Transform3D(0.866025, 0, -0.5, 0, 1, 0, 0.5, 0, 0.866025, -18.1671, 0, 6.17404)

[node name="hay-bale_round_01-01_00" parent="." index="63" instance=ExtResource("16_oaihm")]
transform = Transform3D(0.866025, 0, -0.5, 0, 1, 0, 0.5, 0, 0.866025, -20.5266, 0, 7.19236)

[node name="hay-bale_round_01-01_01" parent="." index="64" instance=ExtResource("16_oaihm")]
transform = Transform3D(0.866025, 0, -0.5, 0, 1, 0, 0.5, 0, 0.866025, -20, 0, 7.5)

[node name="hay-bale_round_01-01_02" parent="." index="65" instance=ExtResource("16_oaihm")]
transform = Transform3D(-0.866025, 0, 0.5, 0, 1, 0, -0.5, 0, -0.866025, -19.567, 0, 7.75)

[node name="hay-bale_round_01-01_03" parent="." index="66" instance=ExtResource("16_oaihm")]
transform = Transform3D(-0.866025, 0, 0.5, 0, 1, 0, -0.5, 0, -0.866025, -18.933, 0, 7.25)

[node name="hay-bale_round_01-01_04" parent="." index="67" instance=ExtResource("16_oaihm")]
transform = Transform3D(0.866025, 0, -0.5, 0, 1, 0, 0.5, 0, 0.866025, -18.6006, 0, 7.76025)

[node name="hay-bale_round_01-01_05" parent="." index="68" instance=ExtResource("16_oaihm")]
transform = Transform3D(0.866025, 0, -0.5, 0, 1, 0, 0.5, 0, 0.866025, -18.0516, 0, 7.77916)

[node name="hay-bale_round_01-01_09" parent="." index="69" instance=ExtResource("16_oaihm")]
transform = Transform3D(0.866025, 0, -0.5, 0, 1, 0, 0.5, 0, 0.866025, -17.406, 0, 7.025)

[node name="hay-bale_round_01-01_10" parent="." index="70" instance=ExtResource("16_oaihm")]
transform = Transform3D(0.866025, 0, -0.5, 0, 1, 0, 0.5, 0, 0.866025, -16.9097, 0, 7.35607)

[node name="hay-bale_round_01-01_11" parent="." index="71" instance=ExtResource("16_oaihm")]
transform = Transform3D(-0.866025, 0, 0.5, 0, 1, 0, -0.5, 0, -0.866025, -16.3449, 0, 7.65538)

[node name="hay-bale_round_01-01_24" parent="." index="72" instance=ExtResource("16_oaihm")]
transform = Transform3D(-0.5, 0, -0.866025, 0, 1, 0, 0.866025, 0, -0.5, -4.83079, 0, 1.38561)

[node name="hay-bale_round_01-01_25" parent="." index="73" instance=ExtResource("16_oaihm")]
transform = Transform3D(-0.5, 0, -0.866025, 0, 1, 0, 0.866025, 0, -0.5, -5.61185, 0, 2.6319)

[node name="hay-bale_round_01-01_27" parent="." index="74" instance=ExtResource("16_oaihm")]
transform = Transform3D(-0.5, 0, -0.866025, 0, 1, 0, 0.866025, 0, -0.5, -5.45597, 0, 3.50984)

[node name="hay-bale_round_01-01_29" parent="." index="75" instance=ExtResource("16_oaihm")]
transform = Transform3D(0.5, 0, 0.866025, 0, 1, 0, -0.866025, 0, 0.5, -5.38599, 0, 2.04083)

[node name="hay-bale_round_01-01_30" parent="." index="76" instance=ExtResource("16_oaihm")]
transform = Transform3D(0.5, 0, 0.866025, 0, 1, 0, -0.866025, 0, 0.5, -4.52992, 0, 2.29456)

[node name="hay-bale_round_01-01_31" parent="." index="77" instance=ExtResource("16_oaihm")]
transform = Transform3D(-0.5, 0, -0.866025, 0, 1, 0, 0.866025, 0, -0.5, -4.15561, 0, 1.72971)

[node name="hay-bale_round_01-01_32" parent="." index="78" instance=ExtResource("16_oaihm")]
transform = Transform3D(0.5, 0, 0.866025, 0, 1, 0, -0.866025, 0, 0.5, -5.6608, 0, 1.4166)

[node name="hay-bale_round_01-01_33" parent="." index="79" instance=ExtResource("16_oaihm")]
transform = Transform3D(0.5, 0, 0.866025, 0, 1, 0, -0.866025, 0, 0.5, -4.75962, 0, 2.95942)

[node name="hay-bale_round_01-01_15" parent="." index="80" instance=ExtResource("16_oaihm")]
transform = Transform3D(-0.5, 0, -0.866025, 0, 1, 0, 0.866025, 0, -0.5, -9.36258, 0, -3.74058)

[node name="hay-bale_round_01-01_16" parent="." index="81" instance=ExtResource("16_oaihm")]
transform = Transform3D(0.5, 0, 0.866025, 0, 1, 0, -0.866025, 0, 0.5, -9.76796, 0, -2.82945)

[node name="hay-bale_round_01-01_17" parent="." index="82" instance=ExtResource("16_oaihm")]
transform = Transform3D(-0.5, 0, -0.866025, 0, 1, 0, 0.866025, 0, -0.5, -10.1378, 0, -2.51635)

[node name="hay-bale_round_01-01_18" parent="." index="83" instance=ExtResource("16_oaihm")]
transform = Transform3D(0.5, 0, 0.866025, 0, 1, 0, -0.866025, 0, 0.5, -10.3878, 0, -2.07234)

[node name="hay-bale_round_01-01_20" parent="." index="84" instance=ExtResource("16_oaihm")]
transform = Transform3D(0.5, 0, 0.866025, 0, 1, 0, -0.866025, 0, 0.5, -10.9393, 0, -1.11706)

[node name="hay-bale_round_01-01_21" parent="." index="85" instance=ExtResource("16_oaihm")]
transform = Transform3D(0.5, 0, 0.866025, 0, 1, 0, -0.866025, 0, 0.5, -11.0904, 0, -0.670551)

[node name="hay-bale_round_01-01_22" parent="." index="86" instance=ExtResource("16_oaihm")]
transform = Transform3D(0.5, 0, 0.866025, 0, 1, 0, -0.866025, 0, 0.5, -9.1333, 0, -4.61371)

[node name="hay-bale_round_01-01_23" parent="." index="87" instance=ExtResource("16_oaihm")]
transform = Transform3D(0.5, 0, 0.866025, 0, 1, 0, -0.866025, 0, 0.5, -8.59659, 0, -5.17982)

[node name="hay-bale_round_01-01_19" parent="." index="88" instance=ExtResource("16_oaihm")]
transform = Transform3D(-0.5, 0, -0.866025, 0, 1, 0, 0.866025, 0, -0.5, -10.6639, 0, -1.58416)

[node name="electric-pole_01-01_00" parent="." index="89" instance=ExtResource("17_xvgbo")]
transform = Transform3D(0.75, 0, 5.51353e-08, 0, 0.75, 0, -5.51353e-08, 0, 0.75, 17.2986, 0, -9)

[node name="electric-pole_01-01_01" parent="." index="90" instance=ExtResource("17_xvgbo")]
transform = Transform3D(0.75, 0, 5.51353e-08, 0, 0.75, 0, -5.51353e-08, 0, 0.75, -7.88051, 0, -9)

[node name="electric-pole_01-01_02" parent="." index="91" instance=ExtResource("17_xvgbo")]
transform = Transform3D(0.75, 0, 5.51353e-08, 0, 0.75, 0, -5.51353e-08, 0, 0.75, -25.559, 0, -9)

[node name="windmill-water_01-01_00" parent="." index="92" instance=ExtResource("18_28sth")]
transform = Transform3D(0.5, 0, 0.866025, 0, 1, 0, -0.866025, 0, 0.5, -20.0092, 0, -3.56434)

[node name="Cow_Barn_01-02_00" parent="." index="93" instance=ExtResource("15_5u1ck")]
transform = Transform3D(-0.5, 0, -0.866026, 0, 1, 0, 0.866026, 0, -0.5, -7.54897, 0, -2.15027)

[node name="Cow_Barn_01-02_01" parent="." index="94" instance=ExtResource("15_5u1ck")]
transform = Transform3D(-0.5, 0, -0.866026, 0, 1, 0, 0.866026, 0, -0.5, -11.2451, 0, -4.40027)

[node name="solar-panel_01-02_00" parent="." index="95" instance=ExtResource("16_1y164")]
transform = Transform3D(1, 0, 0, 0, 1, 0, 0, 0, 1, -0.975, 0, 7)

[node name="solar-panel_01-02_01" parent="." index="96" instance=ExtResource("16_1y164")]
transform = Transform3D(1, 0, 0, 0, 1, 0, 0, 0, 1, 1.725, 0, 7)

[node name="solar-panel_01-02_02" parent="." index="97" instance=ExtResource("16_1y164")]
transform = Transform3D(1, 0, 0, 0, 1, 0, 0, 0, 1, 4.275, 0, 7)

[node name="solar-panel_01-02_06" parent="." index="98" instance=ExtResource("16_1y164")]
transform = Transform3D(1, 0, 0, 0, 1, 0, 0, 0, 1, -0.975, 0, 2.5)

[node name="solar-panel_01-02_07" parent="." index="99" instance=ExtResource("16_1y164")]
transform = Transform3D(1, 0, 0, 0, 1, 0, 0, 0, 1, 1.725, 0, 2.5)

[node name="solar-panel_01-02_08" parent="." index="100" instance=ExtResource("16_1y164")]
transform = Transform3D(1, 0, 0, 0, 1, 0, 0, 0, 1, 4.275, 0, 2.5)

[node name="solar-panel_01-02_09" parent="." index="101" instance=ExtResource("16_1y164")]
transform = Transform3D(1, 0, 0, 0, 1, 0, 0, 0, 1, -0.975, 0, -2)

[node name="solar-panel_01-02_10" parent="." index="102" instance=ExtResource("16_1y164")]
transform = Transform3D(1, 0, 0, 0, 1, 0, 0, 0, 1, 1.725, 0, -2)

[node name="solar-panel_01-02_11" parent="." index="103" instance=ExtResource("16_1y164")]
transform = Transform3D(1, 0, 0, 0, 1, 0, 0, 0, 1, 4.275, 0, -2)

[node name="solar-panel_01-02_12" parent="." index="104" instance=ExtResource("16_1y164")]
transform = Transform3D(1, 0, 0, 0, 1, 0, 0, 0, 1, -0.975, 0, -6.5)

[node name="solar-panel_01-02_13" parent="." index="105" instance=ExtResource("16_1y164")]
transform = Transform3D(1, 0, 0, 0, 1, 0, 0, 0, 1, 1.725, 0, -6.5)

[node name="solar-panel_01-02_14" parent="." index="106" instance=ExtResource("16_1y164")]
transform = Transform3D(1, 0, 0, 0, 1, 0, 0, 0, 1, 4.275, 0, -6.5)

[node name="solar-panel_01-02_04" parent="." index="107" instance=ExtResource("16_1y164")]
transform = Transform3D(1, 0, 0, 0, 1, 0, 0, 0, 1, 1.725, 0, 7)

[node name="solar-panel_01-02_05" parent="." index="108" instance=ExtResource("16_1y164")]
transform = Transform3D(1, 0, 0, 0, 1, 0, 0, 0, 1, 4.275, 0, 7)

[node name="solar-panel_01-02_15" parent="." index="109" instance=ExtResource("16_1y164")]
transform = Transform3D(1, 0, 0, 0, 1, 0, 0, 0, 1, 9.525, 0, 7)

[node name="solar-panel_01-02_16" parent="." index="110" instance=ExtResource("16_1y164")]
transform = Transform3D(1, 0, 0, 0, 1, 0, 0, 0, 1, 12.225, 0, 7)

[node name="solar-panel_01-02_17" parent="." index="111" instance=ExtResource("16_1y164")]
transform = Transform3D(1, 0, 0, 0, 1, 0, 0, 0, 1, 14.775, 0, 7)

[node name="solar-panel_01-02_18" parent="." index="112" instance=ExtResource("16_1y164")]
transform = Transform3D(1, 0, 0, 0, 1, 0, 0, 0, 1, 9.525, 0, 2.5)

[node name="solar-panel_01-02_19" parent="." index="113" instance=ExtResource("16_1y164")]
transform = Transform3D(1, 0, 0, 0, 1, 0, 0, 0, 1, 12.225, 0, 2.5)

[node name="solar-panel_01-02_20" parent="." index="114" instance=ExtResource("16_1y164")]
transform = Transform3D(1, 0, 0, 0, 1, 0, 0, 0, 1, 14.775, 0, 2.5)

[node name="solar-panel_01-02_21" parent="." index="115" instance=ExtResource("16_1y164")]
transform = Transform3D(1, 0, 0, 0, 1, 0, 0, 0, 1, 9.525, 0, -2)

[node name="solar-panel_01-02_22" parent="." index="116" instance=ExtResource("16_1y164")]
transform = Transform3D(1, 0, 0, 0, 1, 0, 0, 0, 1, 12.225, 0, -2)

[node name="solar-panel_01-02_23" parent="." index="117" instance=ExtResource("16_1y164")]
transform = Transform3D(1, 0, 0, 0, 1, 0, 0, 0, 1, 14.775, 0, -2)

[node name="solar-panel_01-02_24" parent="." index="118" instance=ExtResource("16_1y164")]
transform = Transform3D(1, 0, 0, 0, 1, 0, 0, 0, 1, 9.525, 0, -6.5)

[node name="solar-panel_01-02_25" parent="." index="119" instance=ExtResource("16_1y164")]
transform = Transform3D(1, 0, 0, 0, 1, 0, 0, 0, 1, 12.225, 0, -6.5)

[node name="solar-panel_01-02_26" parent="." index="120" instance=ExtResource("16_1y164")]
transform = Transform3D(1, 0, 0, 0, 1, 0, 0, 0, 1, 14.775, 0, -6.5)

[node name="solar-panel_01-02_28" parent="." index="121" instance=ExtResource("16_1y164")]
transform = Transform3D(1, 0, 0, 0, 1, 0, 0, 0, 1, 12.225, 0, 7)

[node name="solar-panel_01-02_29" parent="." index="122" instance=ExtResource("16_1y164")]
transform = Transform3D(1, 0, 0, 0, 1, 0, 0, 0, 1, 14.775, 0, 7)

[node name="solar-panel_01-02_30" parent="." index="123" instance=ExtResource("16_1y164")]
transform = Transform3D(1, 0, 0, 0, 1, 0, 0, 0, 1, 20.025, 0, 7)

[node name="solar-panel_01-02_31" parent="." index="124" instance=ExtResource("16_1y164")]
transform = Transform3D(1, 0, 0, 0, 1, 0, 0, 0, 1, 22.725, 0, 7)

[node name="solar-panel_01-02_32" parent="." index="125" instance=ExtResource("16_1y164")]
transform = Transform3D(1, 0, 0, 0, 1, 0, 0, 0, 1, 25.275, 0, 7)

[node name="solar-panel_01-02_33" parent="." index="126" instance=ExtResource("16_1y164")]
transform = Transform3D(1, 0, 0, 0, 1, 0, 0, 0, 1, 20.025, 0, 2.5)

[node name="solar-panel_01-02_34" parent="." index="127" instance=ExtResource("16_1y164")]
transform = Transform3D(1, 0, 0, 0, 1, 0, 0, 0, 1, 22.725, 0, 2.5)

[node name="solar-panel_01-02_35" parent="." index="128" instance=ExtResource("16_1y164")]
transform = Transform3D(1, 0, 0, 0, 1, 0, 0, 0, 1, 25.275, 0, 2.5)

[node name="solar-panel_01-02_36" parent="." index="129" instance=ExtResource("16_1y164")]
transform = Transform3D(1, 0, 0, 0, 1, 0, 0, 0, 1, 20.025, 0, -2)

[node name="solar-panel_01-02_37" parent="." index="130" instance=ExtResource("16_1y164")]
transform = Transform3D(1, 0, 0, 0, 1, 0, 0, 0, 1, 22.725, 0, -2)

[node name="solar-panel_01-02_38" parent="." index="131" instance=ExtResource("16_1y164")]
transform = Transform3D(1, 0, 0, 0, 1, 0, 0, 0, 1, 25.275, 0, -2)

[node name="solar-panel_01-02_39" parent="." index="132" instance=ExtResource("16_1y164")]
transform = Transform3D(1, 0, 0, 0, 1, 0, 0, 0, 1, 20.025, 0, -6.5)

[node name="solar-panel_01-02_40" parent="." index="133" instance=ExtResource("16_1y164")]
transform = Transform3D(1, 0, 0, 0, 1, 0, 0, 0, 1, 22.725, 0, -6.5)

[node name="solar-panel_01-02_41" parent="." index="134" instance=ExtResource("16_1y164")]
transform = Transform3D(1, 0, 0, 0, 1, 0, 0, 0, 1, 25.275, 0, -6.5)

[node name="solar-panel_01-02_43" parent="." index="135" instance=ExtResource("16_1y164")]
transform = Transform3D(1, 0, 0, 0, 1, 0, 0, 0, 1, 22.725, 0, 7)

[node name="solar-panel_01-02_44" parent="." index="136" instance=ExtResource("16_1y164")]
transform = Transform3D(1, 0, 0, 0, 1, 0, 0, 0, 1, 25.275, 0, 7)

[node name="truckPickup_01_00" parent="." index="137" instance=ExtResource("16_dx25n")]
transform = Transform3D(0.5, 0, 0.866025, 0, 1, 0, -0.866025, 0, 0.5, -13.2, 0, 4.23038)

[node name="Truck-Body" parent="truckPickup_01_00" index="0"]
transform = Transform3D(1, 0, 0, 0, 1, 0, 0, 0, 1, 0, 0.0442991, 0)
surface_material_override/0 = SubResource("StandardMaterial3D_co2cf")

[node name="tree_01-03_mesh-only_00" parent="." index="138" instance=ExtResource("17_wbd1p")]
transform = Transform3D(1, 0, 0, 0, 1, 0, 0, 0, 1, 31.5, 0, 6.25)

[node name="tree_01-03_mesh-only_01" parent="." index="139" instance=ExtResource("17_wbd1p")]
transform = Transform3D(0.866025, 0, 0.5, 0, 1, 0, -0.5, 0, 0.866025, 32.799, 0, 1)

[node name="tree_01-03_mesh-only_02" parent="." index="140" instance=ExtResource("17_wbd1p")]
transform = Transform3D(0.866025, 0, 0.5, 0, 1, 0, -0.5, 0, 0.866025, 34.8212, 0, -4.49759)

[node name="tree_01-03_mesh-only_03" parent="." index="141" instance=ExtResource("17_wbd1p")]
transform = Transform3D(0.866025, 0, 0.5, 0, 1, 0, -0.5, 0, 0.866025, 34.9486, 0, 3.22308)

[node name="tree_01-03_mesh-only_04" parent="." index="142" instance=ExtResource("17_wbd1p")]
transform = Transform3D(0.866025, 0, 0.5, 0, 1, 0, -0.5, 0, 0.866025, 35.5245, 0, 7.22067)

[node name="tree_01-03_mesh-only_11" parent="." index="143" instance=ExtResource("17_wbd1p")]
transform = Transform3D(0.866025, 0, 0.5, 0, 1, 0, -0.5, 0, 0.866025, 42.1668, 0, -5.27452)

[node name="tree_01-03_mesh-only_12" parent="." index="144" instance=ExtResource("17_wbd1p")]
transform = Transform3D(-5.96046e-08, 0, 1, 0, 1, 0, -1, 0, -5.96046e-08, 44.0418, 0, 3.37019)

[node name="tree_01-03_mesh-only_13" parent="." index="145" instance=ExtResource("17_wbd1p")]
transform = Transform3D(-5.96046e-08, 0, 1, 0, 1, 0, -1, 0, -5.96046e-08, 46.2918, 0, -4.87981)

[node name="tree_01-03_mesh-only_14" parent="." index="146" instance=ExtResource("17_wbd1p")]
transform = Transform3D(-5.96046e-08, 0, 1, 0, 1, 0, -1, 0, -5.96046e-08, 46.2918, 0, 5.62019)

[node name="tree_01-03_mesh-only_05" parent="." index="147" instance=ExtResource("17_wbd1p")]
transform = Transform3D(0.866025, 0, 0.5, 0, 1, 0, -0.5, 0, 0.866025, 38.4976, 0, 6.37019)

[node name="tree_01-03_mesh-only_06" parent="." index="148" instance=ExtResource("17_wbd1p")]
transform = Transform3D(0.866025, 0, 0.5, 0, 1, 0, -0.5, 0, 0.866025, 39.4952, 0, 0.598076)

[node name="tree_01-03_mesh-only_07" parent="." index="149" instance=ExtResource("17_wbd1p")]
transform = Transform3D(0.866025, 0, 0.5, 0, 1, 0, -0.5, 0, 0.866025, 37.6202, 0, -2.64952)

[node name="tree_01-03_mesh-only_08" parent="." index="150" instance=ExtResource("17_wbd1p")]
transform = Transform3D(0.866025, 0, 0.5, 0, 1, 0, -0.5, 0, 0.866025, 42.1937, 0, 0.772114)

[node name="tree_01-03_mesh-only_09" parent="." index="151" instance=ExtResource("17_wbd1p")]
transform = Transform3D(-0.258819, 0, 0.965926, 0, 1, 0, -0.965926, 0, -0.258819, 40.2721, 0, 7.94375)

[node name="tree_01-03_mesh-only_23" parent="." index="152" instance=ExtResource("17_wbd1p")]
transform = Transform3D(0.258819, 0, 0.965926, 0, 1, 0, -0.965926, 0, 0.258819, -42.5488, 0, 1.42272)

[node name="tree_01-03_mesh-only_24" parent="." index="153" instance=ExtResource("17_wbd1p")]
transform = Transform3D(-0.707107, 0, 0.707107, 0, 1, 0, -0.707107, 0, -0.707107, -36.0149, 0, -4.90316)

[node name="tree_01-03_mesh-only_25" parent="." index="154" instance=ExtResource("17_wbd1p")]
transform = Transform3D(-0.707107, 0, 0.707107, 0, 1, 0, -0.707107, 0, -0.707107, -32.8329, 0, -4.90316)

[node name="tree_01-03_mesh-only_26" parent="." index="155" instance=ExtResource("17_wbd1p")]
transform = Transform3D(0.258819, 0, 0.965926, 0, 1, 0, -0.965926, 0, 0.258819, -39.1588, 0, -5.43349)

[node name="tree_01-03_mesh-only_27" parent="." index="156" instance=ExtResource("17_wbd1p")]
transform = Transform3D(-0.866025, 0, 0.5, 0, 1, 0, -0.5, 0, -0.866025, -35.4465, 0, 0.996417)

[node name="tree_01-03_mesh-only_28" parent="." index="157" instance=ExtResource("17_wbd1p")]
transform = Transform3D(-0.965926, 0, -0.258819, 0, 1, 0, 0.258819, 0, -0.965926, -31.0734, 0, 3.82433)

[node name="tree_01-03_mesh-only_29" parent="." index="158" instance=ExtResource("17_wbd1p")]
transform = Transform3D(-0.258819, 0, -0.965926, 0, 1, 0, 0.965926, 0, -0.258819, -39.8188, 0, 1.32872)

[node name="tree_01-03_mesh-only_30" parent="." index="159" instance=ExtResource("17_wbd1p")]
transform = Transform3D(-0.258819, 0, -0.965926, 0, 1, 0, 0.965926, 0, -0.258819, -41.4098, 0, -1.42696)

[node name="tree_01-03_mesh-only_31" parent="." index="160" instance=ExtResource("17_wbd1p")]
transform = Transform3D(-0.965926, 0, -0.258819, 0, 1, 0, 0.258819, 0, -0.965926, -38.7061, 0, 4.31658)

[node name="tree_01-03_mesh-only_32" parent="." index="161" instance=ExtResource("17_wbd1p")]
transform = Transform3D(5.96046e-08, 0, -1, 0, 1, 0, 1, 0, 5.96046e-08, -34.9938, 0, -2.11333)

[node name="tree_01-03_mesh-only_33" parent="." index="162" instance=ExtResource("17_wbd1p")]
transform = Transform3D(-0.5, 0, -0.866025, 0, 1, 0, 0.866025, 0, -0.5, -31.0023, 0, 2.46914)

[node name="tree_01-03_mesh-only_34" parent="." index="163" instance=ExtResource("17_wbd1p")]
transform = Transform3D(0.5, 0, -0.866025, 0, 1, 0, 0.866025, 0, 0.5, -38.9509, 0, 6.88836)

[node name="tree_01-03_mesh-only_35" parent="." index="164" instance=ExtResource("17_wbd1p")]
transform = Transform3D(0.5, 0, -0.866025, 0, 1, 0, 0.866025, 0, 0.5, -42.0244, 0, 6.06481)

[node name="tree_01-03_mesh-only_36" parent="." index="165" instance=ExtResource("17_wbd1p")]
transform = Transform3D(-0.5, 0, -0.866025, 0, 1, 0, 0.866025, 0, -0.5, -36.0513, 0, 8.21433)

[node name="tree_01-03_mesh-only_37" parent="." index="166" instance=ExtResource("17_wbd1p")]
transform = Transform3D(0.707107, 0, -0.707107, 0, 1, 0, 0.707107, 0, 0.707107, -37.973, 0, 1.0427)

[node name="tree_01-03_mesh-only_38" parent="." index="167" instance=ExtResource("17_wbd1p")]
transform = Transform3D(0.258819, 0, 0.965926, 0, 1, 0, -0.965926, 0, 0.258819, -50.0488, 0, 1.42272)

[node name="tree_01-03_mesh-only_39" parent="." index="168" instance=ExtResource("17_wbd1p")]
transform = Transform3D(0.258819, 0, 0.965926, 0, 1, 0, -0.965926, 0, 0.258819, -46.6588, 0, -5.43349)

[node name="tree_01-03_mesh-only_40" parent="." index="169" instance=ExtResource("17_wbd1p")]
transform = Transform3D(-0.258819, 0, -0.965926, 0, 1, 0, 0.965926, 0, -0.258819, -48.9098, 0, -1.42696)

[node name="tree_01-03_mesh-only_41" parent="." index="170" instance=ExtResource("17_wbd1p")]
transform = Transform3D(-0.5, 0, -0.866025, 0, 1, 0, 0.866025, 0, -0.5, -43.5513, 0, 8.21433)

[node name="tree_01-03_mesh-only_42" parent="." index="171" instance=ExtResource("17_wbd1p")]
transform = Transform3D(0.707107, 0, -0.707107, 0, 1, 0, 0.707107, 0, 0.707107, -45.473, 0, 1.0427)

[node name="tree_01-03_mesh-only_43" parent="." index="172" instance=ExtResource("17_wbd1p")]
transform = Transform3D(0.707107, 0, -0.707107, 0, 1, 0, 0.707107, 0, 0.707107, -42.1887, 0, -8.26799)

[node name="tree_01-03_mesh-only_44" parent="." index="173" instance=ExtResource("17_wbd1p")]
transform = Transform3D(0.707107, 0, -0.707107, 0, 1, 0, 0.707107, 0, 0.707107, -37.9461, 0, -1.90403)

[node name="tree_01-03_mesh-only_45" parent="." index="174" instance=ExtResource("17_wbd1p")]
transform = Transform3D(-0.707107, 0, 0.707107, 0, 1, 0, -0.707107, 0, -0.707107, -40.2903, 0, -5.8567)

[node name="tree_01-03_mesh-only_46" parent="." index="175" instance=ExtResource("17_wbd1p")]
transform = Transform3D(-0.5, 0, 0.866025, 0, 1, 0, -0.866025, 0, -0.5, -51.3191, 0, -6.03681)

[node name="tree_01-03_mesh-only_47" parent="." index="176" instance=ExtResource("17_wbd1p")]
transform = Transform3D(-0.965926, 0, -0.258819, 0, 1, 0, 0.258819, 0, -0.965926, -44.1475, 0, -4.11518)

[node name="tree_01-03_mesh-only_10" parent="." index="177" instance=ExtResource("17_wbd1p")]
transform = Transform3D(-0.258819, 0, 0.965926, 0, 1, 0, -0.965926, 0, -0.258819, 37.4644, 0, 3.26086)

[node name="tree_01-03_mesh-only_15" parent="." index="178" instance=ExtResource("17_wbd1p")]
transform = Transform3D(-5.96046e-08, 0, 1, 0, 1, 0, -1, 0, -5.96046e-08, 54.5418, 0, 1.87019)

[node name="tree_01-03_mesh-only_16" parent="." index="179" instance=ExtResource("17_wbd1p")]
transform = Transform3D(0.866025, 0, 0.5, 0, 1, 0, -0.5, 0, 0.866025, 50.9928, 0, -1.27692)

[node name="tree_01-03_mesh-only_17" parent="." index="180" instance=ExtResource("17_wbd1p")]
transform = Transform3D(0.866025, 0, 0.5, 0, 1, 0, -0.5, 0, 0.866025, 53.6913, 0, -1.10289)

[node name="tree_01-03_mesh-only_18" parent="." index="181" instance=ExtResource("17_wbd1p")]
transform = Transform3D(-0.258819, 0, 0.965926, 0, 1, 0, -0.965926, 0, -0.258819, 44.7439, 0, -0.361358)

[node name="tree_01-03_mesh-only_19" parent="." index="182" instance=ExtResource("17_wbd1p")]
transform = Transform3D(-0.965926, 0, -0.258819, 0, 1, 0, 0.258819, 0, -0.965926, 49.8406, 0, -2.68657)

[node name="tree_01-03_mesh-only_20" parent="." index="183" instance=ExtResource("17_wbd1p")]
transform = Transform3D(-0.707107, 0, 0.707107, 0, 1, 0, -0.707107, 0, -0.707107, 47.7193, 0, 1.55607)

[node name="tree_01-03_mesh-only_21" parent="." index="184" instance=ExtResource("17_wbd1p")]
transform = Transform3D(-0.707107, 0, 0.707107, 0, 1, 0, -0.707107, 0, -0.707107, 47.1889, 0, -1.09558)

[node name="tree_01-03_mesh-only_22" parent="." index="185" instance=ExtResource("17_wbd1p")]
transform = Transform3D(-0.866026, 0, -0.5, 0, 1, 0, 0.5, 0, -0.866026, 50.221, 0, 7.35511)

[node name="Cow_01-03_00" parent="." index="186" instance=ExtResource("13_hq45j")]
transform = Transform3D(0.707107, 0, -0.707107, 0, 1, 0, 0.707107, 0, 0.707107, -11.947, 0, -1.94697)

[node name="Cow_01-03_32" parent="." index="187" instance=ExtResource("13_hq45j")]
transform = Transform3D(-0.801212, 0, 0.598381, 0, 1, 0, -0.598381, 0, -0.801212, -12.8765, 0, -2.87442)

[node name="Cow_01-03_34" parent="." index="188" instance=ExtResource("13_hq45j")]
transform = Transform3D(-0.814703, 0, 0.579879, 0, 1, 0, -0.579879, 0, -0.814703, -12.6575, 0, -3.20862)

[node name="Cow_01-03_35" parent="." index="189" instance=ExtResource("13_hq45j")]
transform = Transform3D(-0.82973, 0, 0.558165, 0, 1, 0, -0.558165, 0, -0.82973, -12.4468, 0, -3.54675)

[node name="Cow_01-03_36" parent="." index="190" instance=ExtResource("13_hq45j")]
transform = Transform3D(-0.82973, 0, 0.558165, 0, 1, 0, -0.558165, 0, -0.82973, -12.1076, 0, -4.17036)

[node name="Cow_01-03_37" parent="." index="191" instance=ExtResource("13_hq45j")]
transform = Transform3D(-0.858396, 0, 0.512987, 0, 1, 0, -0.512987, 0, -0.858396, -11.9268, 0, -4.52787)

[node name="Cow_01-03_38" parent="." index="192" instance=ExtResource("13_hq45j")]
transform = Transform3D(-0.858396, 0, 0.512987, 0, 1, 0, -0.512987, 0, -0.858396, -11.7053, 0, -4.89856)

[node name="Cow_01-03_39" parent="." index="193" instance=ExtResource("13_hq45j")]
transform = Transform3D(-0.858396, 0, 0.512987, 0, 1, 0, -0.512987, 0, -0.858396, -11.4272, 0, -5.36389)

[node name="Cow_01-03_40" parent="." index="194" instance=ExtResource("13_hq45j")]
transform = Transform3D(-0.858396, 0, 0.512987, 0, 1, 0, -0.512987, 0, -0.858396, -11.1316, 0, -5.85849)

[node name="Cow_01-03_41" parent="." index="195" instance=ExtResource("13_hq45j")]
transform = Transform3D(-0.858396, 0, 0.512987, 0, 1, 0, -0.512987, 0, -0.858396, -10.8434, 0, -6.34069)

[node name="Cow_01-03_42" parent="." index="196" instance=ExtResource("13_hq45j")]
transform = Transform3D(-0.858396, 0, 0.512987, 0, 1, 0, -0.512987, 0, -0.858396, -10.1512, 0, -7.49908)

[node name="Cow_01-03_43" parent="." index="197" instance=ExtResource("13_hq45j")]
transform = Transform3D(-0.858396, 0, 0.512987, 0, 1, 0, -0.512987, 0, -0.858396, -10.5294, 0, -6.86624)

