[gd_scene load_steps=12 format=3 uid="uid://crbss55beofow"]

[ext_resource type="PackedScene" uid="uid://c4gt8ofayu0ec" path="res://Objects/Foliage/Tree_01/tree_01.tscn" id="2_23xbg"]
[ext_resource type="Script" path="res://Scripts/Health.gd" id="3_th8j1"]
[ext_resource type="PackedScene" uid="uid://c0kld2qowd56l" path="res://NPCs/Cows/cow_001.tscn" id="4_ounsd"]
[ext_resource type="PackedScene" uid="uid://b31bi8ri5wql0" path="res://Terrain/Cliffs/cliff_front_01.tscn" id="5_j0t2o"]

[sub_resource type="PlaneMesh" id="PlaneMesh_wnprt"]
size = Vector2(100, 20)

[sub_resource type="StandardMaterial3D" id="StandardMaterial3D_i5a0o"]
albedo_color = Color(0.0156863, 0.235294, 0.101961, 1)

[sub_resource type="ConcavePolygonShape3D" id="ConcavePolygonShape3D_2nix7"]
data = PackedVector3Array(50, 0, 10, -50, 0, 10, 50, 0, -10, -50, 0, 10, -50, 0, -10, 50, 0, -10)

[sub_resource type="ConvexPolygonShape3D" id="ConvexPolygonShape3D_dl35x"]
points = PackedVector3Array(-5.99455, -71.0009, -8.31296, -6.39667, -70.7782, -8.31296, -5.80767, 7.41876, -8.32274, -3.38274, 7.41876, -8.30318, -3.34691, 7.46485, 11.6602, -5.99455, -71.0009, 91.582, -6.39667, -2.12064, -8.31296, -6.39667, -70.7782, 91.582, -6.29546, 7.45717, 11.6406, -3.34691, 7.46485, 91.6015, -6.39667, -2.12064, 91.582, -6.29546, 7.45717, 91.5722)

[sub_resource type="PrismMesh" id="PrismMesh_u5s7p"]
size = Vector3(1, 1, 0.26)

[sub_resource type="StandardMaterial3D" id="StandardMaterial3D_07ulg"]
albedo_color = Color(0.321569, 0.745098, 0.352941, 1)

[sub_resource type="SphereShape3D" id="SphereShape3D_b6l5p"]
radius = 0.3

[node name="Terrain_0" type="MeshInstance3D"]
transform = Transform3D(1, 0, 0, 0, 1, 0, 0, 0, 1, 0, 0, -7.013)
mesh = SubResource("PlaneMesh_wnprt")
surface_material_override/0 = SubResource("StandardMaterial3D_i5a0o")

[node name="Ground" type="StaticBody3D" parent="."]

[node name="CollisionShape3D" type="CollisionShape3D" parent="Ground"]
shape = SubResource("ConcavePolygonShape3D_2nix7")

[node name="Col_Cliff-Front" type="CollisionShape3D" parent="Ground"]
transform = Transform3D(0, 0, -1, 0, 1, 0, 1, 0, 0, 41.658, -7.7, 13.33)
shape = SubResource("ConvexPolygonShape3D_dl35x")

[node name="Meat_1" type="Area3D" parent="." groups=["Meat"]]
transform = Transform3D(0.442257, 0, -0.896888, 0, 1, 0, 0.896888, 0, 0.442257, 1.18738, 0.878878, 7.59704)
collision_layer = 5
collision_mask = 5
script = ExtResource("3_th8j1")

[node name="Meat_Object" type="MeshInstance3D" parent="Meat_1"]
transform = Transform3D(-1, 8.74228e-08, 0, -8.74228e-08, -1, 0, 0, 0, 1, 0.136646, -0.0352044, 0.00895238)
visible = false
mesh = SubResource("PrismMesh_u5s7p")
surface_material_override/0 = SubResource("StandardMaterial3D_07ulg")

[node name="CollisionShape3D" type="CollisionShape3D" parent="Meat_1"]
transform = Transform3D(1, 0, 0, 0, 1, 0, 0, 0, 1, 0.13544, -0.811895, 0.00328267)
shape = SubResource("SphereShape3D_b6l5p")

[node name="cow_001" parent="Meat_1" instance=ExtResource("4_ounsd")]
transform = Transform3D(0.127619, 0, 0.991823, 0, 1, 0, -0.991823, 0, 0.127619, 0.146392, -0.892553, 0.0381147)

[node name="Meat_2" type="Area3D" parent="." groups=["Meat"]]
transform = Transform3D(0.73297, 0, -0.68026, 0, 1, 0, 0.68026, 0, 0.73297, 1.18738, 0.878878, 8.39037)
collision_layer = 5
collision_mask = 5
script = ExtResource("3_th8j1")

[node name="Meat_Object" type="MeshInstance3D" parent="Meat_2"]
transform = Transform3D(-1, 8.74228e-08, 0, -8.74228e-08, -1, 0, 0, 0, 1, 0.136646, -0.0352044, 0.00895238)
visible = false
mesh = SubResource("PrismMesh_u5s7p")
surface_material_override/0 = SubResource("StandardMaterial3D_07ulg")

[node name="CollisionShape3D" type="CollisionShape3D" parent="Meat_2"]
transform = Transform3D(1, 0, 0, 0, 1, 0, 0, 0, 1, 0.13544, -0.811895, 0.00328267)
shape = SubResource("SphereShape3D_b6l5p")

[node name="cow_001" parent="Meat_2" instance=ExtResource("4_ounsd")]
transform = Transform3D(0.127619, 0, 0.991823, 0, 1, 0, -0.991823, 0, 0.127619, 0.146392, -0.892553, 0.0381147)

[node name="Cow_Body" parent="Meat_2/cow_001" index="0"]
transform = Transform3D(1, 0, 2.98023e-08, 0, 1, 0, -2.98023e-08, 0, 1, 0, 0, 0)

[node name="Meat_3" type="Area3D" parent="." groups=["Meat"]]
transform = Transform3D(0.982845, 0, -0.184432, 0, 1, 0, 0.184432, 0, 0.982845, 0.224787, 0.878878, 7.2815)
collision_layer = 5
collision_mask = 5
script = ExtResource("3_th8j1")

[node name="Meat_Object" type="MeshInstance3D" parent="Meat_3"]
transform = Transform3D(-1, 8.74228e-08, 0, -8.74228e-08, -1, 0, 0, 0, 1, 0.136646, -0.0352044, 0.00895238)
visible = false
mesh = SubResource("PrismMesh_u5s7p")
surface_material_override/0 = SubResource("StandardMaterial3D_07ulg")

[node name="CollisionShape3D" type="CollisionShape3D" parent="Meat_3"]
transform = Transform3D(1, 0, 0, 0, 1, 0, 0, 0, 1, 0.13544, -0.811895, 0.00328267)
shape = SubResource("SphereShape3D_b6l5p")

[node name="cow_001" parent="Meat_3" instance=ExtResource("4_ounsd")]
transform = Transform3D(0.127619, 0, 0.991823, 0, 1, 0, -0.991823, 0, 0.127619, 0.146392, -0.892553, 0.0381147)

[node name="Cow_Body" parent="Meat_3/cow_001" index="0"]
transform = Transform3D(1, 0, 2.98023e-08, 0, 1, 0, -2.98023e-08, 0, 1, 0, 0, 0)

[node name="cliff_front_01" parent="." instance=ExtResource("5_j0t2o")]
transform = Transform3D(1, 0, 0, 0, 1, 0, 0, 0, 1, 0.658, -7.495, 21.33)

[node name="Tree_01_00" parent="." instance=ExtResource("2_23xbg")]
transform = Transform3D(0.228283, 0, 0.973595, 0, 1, 0, -0.973595, 0, 0.228283, -6.07737, 1.19209e-07, 7.11816)

[node name="Tree_01_01" parent="." instance=ExtResource("2_23xbg")]
transform = Transform3D(-0.519638, 0, 0.854386, 0, 1, 0, -0.854386, 0, -0.519638, 1.12351, 1.19209e-07, -2.62913)

[node name="Tree_01_02" parent="." instance=ExtResource("2_23xbg")]
transform = Transform3D(-0.396651, 0, -0.917969, 0, 1, 0, 0.917969, 0, -0.396651, -12.1386, 1.19209e-07, -0.820375)

[node name="Tree_01_03" parent="." instance=ExtResource("2_23xbg")]
transform = Transform3D(0.934894, 0, 0.354928, 0, 1, 0, -0.354928, 0, 0.934894, -8.4244, 1.19209e-07, -4.60707)

[node name="Tree_01_04" parent="." instance=ExtResource("2_23xbg")]
transform = Transform3D(-0.542793, 0, 0.839866, 0, 1, 0, -0.839866, 0, -0.542793, 4.34344, 1.19209e-07, 4.39217)

[node name="Tree_01_05" parent="." instance=ExtResource("2_23xbg")]
transform = Transform3D(-0.946385, 0, -0.323042, 0, 1, 0, 0.323042, 0, -0.946385, -3.42596, 1.19209e-07, -6.66733)

[node name="Tree_01_06" parent="." instance=ExtResource("2_23xbg")]
transform = Transform3D(0.681449, 0, -0.731865, 0, 1, 0, 0.731865, 0, 0.681449, 5.32181, 1.19209e-07, -5.24881)

[editable path="Meat_1/cow_001"]
[editable path="Meat_2/cow_001"]
[editable path="Meat_3/cow_001"]
[editable path="cliff_front_01"]
[editable path="Tree_01_00"]
[editable path="Tree_01_01"]
[editable path="Tree_01_02"]
[editable path="Tree_01_03"]
[editable path="Tree_01_04"]
[editable path="Tree_01_05"]
[editable path="Tree_01_06"]
