[gd_scene load_steps=10 format=3 uid="uid://5kyb60mmjahr"]

[ext_resource type="PackedScene" uid="uid://c4gt8ofayu0ec" path="res://Objects/Foliage/Tree_01/Tree_01_00.tscn" id="2_2cola"]
[ext_resource type="PackedScene" uid="uid://c0kld2qowd56l" path="res://NPCs/Cows/Cow_01_00.tscn" id="4_6cg1h"]
[ext_resource type="PackedScene" uid="uid://0sdt50wuw41u" path="res://Objects/Foliage/Tree_02/Tree_02_00.tscn" id="5_6b3ii"]
[ext_resource type="PackedScene" uid="uid://b31bi8ri5wql0" path="res://Terrain/Cliffs/cliff_front_01.tscn" id="5_jbxsj"]
[ext_resource type="PackedScene" uid="uid://c1mgqdi4mt5o8" path="res://Objects/Foliage/Tree_03/Tree_03_00.tscn" id="5_q6cug"]

[sub_resource type="PlaneMesh" id="PlaneMesh_wnprt"]
size = Vector2(100, 20)

[sub_resource type="StandardMaterial3D" id="StandardMaterial3D_gdwe7"]
albedo_color = Color(0.0156863, 0.235294, 0.101961, 1)

[sub_resource type="ConcavePolygonShape3D" id="ConcavePolygonShape3D_gjw30"]
data = PackedVector3Array(50, 0, 10, -50, 0, 10, 50, 0, -10, -50, 0, 10, -50, 0, -10, 50, 0, -10)

[sub_resource type="ConvexPolygonShape3D" id="ConvexPolygonShape3D_qwi2u"]
points = PackedVector3Array(-5.99455, -71.0009, -8.31296, -6.39667, -70.7782, -8.31296, -5.80767, 7.41876, -8.32274, -3.38274, 7.41876, -8.30318, -3.34691, 7.46485, 11.6602, -5.99455, -71.0009, 91.582, -6.39667, -2.12064, -8.31296, -6.39667, -70.7782, 91.582, -6.29546, 7.45717, 11.6406, -3.34691, 7.46485, 91.6015, -6.39667, -2.12064, 91.582, -6.29546, 7.45717, 91.5722)

[node name="Terrain_0" type="MeshInstance3D"]
transform = Transform3D(1, 0, 0, 0, 1, 0, 0, 0, 1, 0, 0, -7)
mesh = SubResource("PlaneMesh_wnprt")
surface_material_override/0 = SubResource("StandardMaterial3D_gdwe7")

[node name="Ground" type="StaticBody3D" parent="."]

[node name="CollisionShape3D" type="CollisionShape3D" parent="Ground"]
transform = Transform3D(1, 0, 0, 0, 1, 0, 0, 0, 1, 0, 0, 0.013)
shape = SubResource("ConcavePolygonShape3D_gjw30")

[node name="Col_Cliff-Front" type="CollisionShape3D" parent="Ground"]
transform = Transform3D(0, 0, -1, 0, 1, 0, 1, 0, 0, 41.6496, -7.7, 13.3291)
shape = SubResource("ConvexPolygonShape3D_qwi2u")

[node name="cliff_front_01" parent="." instance=ExtResource("5_jbxsj")]
transform = Transform3D(1, 0, 0, 0, 1, 0, 0, 0, 1, 0.658, -7.495, 21.33)

[node name="Tree_01_00" parent="." instance=ExtResource("2_2cola")]
transform = Transform3D(1, 0, 0, 0, 1, 0, 0, 0, 1, -4.23718, 1.19209e-07, 2.0744)

[node name="Tree_01_03" parent="." instance=ExtResource("2_2cola")]
transform = Transform3D(1, 0, 0, 0, 1, 0, 0, 0, 1, 0.825986, 1.19209e-07, 6.6745)

[node name="Tree_01_01" parent="." instance=ExtResource("2_2cola")]
transform = Transform3D(0.307091, 0, 0.95168, 0, 1, 0, -0.95168, 0, 0.307091, 11.7568, 1.19209e-07, 2.0744)

[node name="Tree_01_02" parent="." instance=ExtResource("2_2cola")]
transform = Transform3D(-0.983508, 0, 0.180862, 0, 1, 0, -0.180862, 0, -0.983508, -9.63307, 1.19209e-07, -3.17223)

[node name="Tree_02_00" parent="." instance=ExtResource("5_6b3ii")]
transform = Transform3D(1, 0, 0, 0, 1, 0, 0, 0, 1, -3.39479, 2.38419e-07, 7.17108)

[node name="Tree_02_01" parent="." instance=ExtResource("5_6b3ii")]
transform = Transform3D(-0.215997, 0, 0.976394, 0, 1, 0, -0.976394, 0, -0.215997, 6.82087, 2.38419e-07, -4.0484)

[node name="Tree_02_02" parent="." instance=ExtResource("5_6b3ii")]
transform = Transform3D(-0.987546, 0, -0.157331, 0, 1, 0, 0.157331, 0, -0.987546, 1.33398, 2.38419e-07, 0.672933)

[node name="Tree_02_03" parent="." instance=ExtResource("5_6b3ii")]
transform = Transform3D(-0.369114, 0, -0.929384, 0, 1, 0, 0.929384, 0, -0.369114, 0.416906, 2.38419e-07, -7.48655)

[node name="Tree_02_04" parent="." instance=ExtResource("5_6b3ii")]
transform = Transform3D(-0.369114, 0, -0.929384, 0, 1, 0, 0.929384, 0, -0.369114, -4.46089, 2.38419e-07, -6.09583)

[node name="Cow_01_00" parent="." instance=ExtResource("4_6cg1h")]
transform = Transform3D(0.745418, 0, 0.666597, 0, 1, 0, -0.666597, 0, 0.745418, 3.57575, 2.38419e-07, 7.48254)

[node name="Cow_01_01" parent="." instance=ExtResource("4_6cg1h")]
transform = Transform3D(0.991747, 0, 0.128207, 0, 1, 0, -0.128207, 0, 0.991747, 3.57575, 2.38419e-07, 7.98272)

[node name="Cow_01_02" parent="." instance=ExtResource("4_6cg1h")]
transform = Transform3D(-0.98395, 0, 0.178442, 0, 1, 0, -0.178442, 0, -0.98395, 2.87108, 2.38419e-07, 7.98272)

[node name="Tree_03_00" parent="." instance=ExtResource("5_q6cug")]
transform = Transform3D(0.0729033, 0.00636691, -0.997319, -0.00130718, 0.999979, 0.00628834, 0.997338, 0.00084523, 0.0729102, 4.54849, 4.76837e-07, 3.23863)

[node name="Tree_03_03" parent="." instance=ExtResource("5_q6cug")]
transform = Transform3D(0.0729033, 0.00636691, -0.997319, -0.00130718, 0.999979, 0.00628834, 0.997338, 0.00084523, 0.0729102, -9.93843, 4.76837e-07, 3.23863)

[node name="Tree_03_04" parent="." instance=ExtResource("5_q6cug")]
transform = Transform3D(0.983231, 0.00243197, -0.182348, -0.00130718, 0.999979, 0.00628834, 0.182359, -0.00594453, 0.983214, -11.1429, 4.76837e-07, 3.77214)

[node name="Tree_03_05" parent="." instance=ExtResource("5_q6cug")]
transform = Transform3D(0.171744, -0.00597042, 0.985124, -0.00130718, 0.999979, 0.00628834, -0.985141, -0.00236771, 0.171732, 13.0218, 4.76837e-07, -3.9676)

[node name="Tree_03_06" parent="." instance=ExtResource("5_q6cug")]
transform = Transform3D(-0.99727, -0.00083934, -0.0738328, -0.00130718, 0.999979, 0.00628834, 0.0738259, 0.00636769, -0.997251, 11.461, 4.76837e-07, -5.34462)

[node name="Tree_03_01" parent="." instance=ExtResource("5_q6cug")]
transform = Transform3D(0.985611, 0.00235124, -0.169015, -0.00130718, 0.999979, 0.00628834, 0.169027, -0.00597692, 0.985594, 7.04957, 4.76837e-07, 5.00606)

[node name="Tree_03_02" parent="." instance=ExtResource("5_q6cug")]
transform = Transform3D(0.502435, -0.00478024, 0.864602, -0.001277, 0.999979, 0.0062708, -0.864614, -0.00425476, 0.502418, 7.04957, 4.76837e-07, 7.11993)

[editable path="Tree_01_00"]
[editable path="Tree_01_03"]
[editable path="Tree_01_01"]
[editable path="Tree_01_02"]
