[gd_scene load_steps=12 format=3 uid="uid://c6amwhoeme515"]

[ext_resource type="Script" path="res://Scripts/Obstacle.gd" id="1_0e5mq"]
[ext_resource type="PackedScene" uid="uid://c4gt8ofayu0ec" path="res://Objects/Foliage/Tree_01/tree_01.tscn" id="2_xdi1u"]
[ext_resource type="Script" path="res://Scripts/Health.gd" id="3_a2ojb"]
[ext_resource type="PackedScene" uid="uid://c0kld2qowd56l" path="res://NPCs/Cows/cow_001.tscn" id="4_wk5vi"]

[sub_resource type="PlaneMesh" id="PlaneMesh_wnprt"]
size = Vector2(100, 20)

[sub_resource type="StandardMaterial3D" id="StandardMaterial3D_i5a0o"]
albedo_color = Color(0.301961, 0.235294, 0.101961, 1)

[sub_resource type="ConcavePolygonShape3D" id="ConcavePolygonShape3D_2nix7"]
data = PackedVector3Array(50, 0, 10, -50, 0, 10, 50, 0, -10, -50, 0, 10, -50, 0, -10, 50, 0, -10)

[sub_resource type="ConvexPolygonShape3D" id="ConvexPolygonShape3D_jnbxq"]
points = PackedVector3Array(0.151205, 0.948839, -0.0250146, -0.13451, 0.504299, -0.00916637, 0.0242052, 0.028234, 0.0860814, -0.0233954, 0.520211, -0.152012, 0.0559482, -0.0671381, -0.00916637, -0.00750993, 0.567847, 0.117831, -0.070996, -0.0671381, 0.0225829, -0.102739, 0.742381, -0.104388, 0.119434, 0.742381, -0.104388, 0.0400907, 0.932927, 0.0225829, 0.0876913, 0.155231, 0.0702068, 0.151205, 0.948839, 0.0225829, -0.070996, -0.0671381, -0.00916637, -0.039253, 0.155231, 0.0860814, 0.13532, 0.726569, -0.0885131, 0.0718337, 0.932927, -0.0567639, 0.0242052, 0.536023, 0.117831, -0.13451, 0.551935, -0.00916637, 0.0718337, -0.0352148, 0.0384575, -0.13451, 0.520211, -0.0408892, -0.0233954, -0.0671381, 0.0702068, -0.039253, -0.0671381, -0.0250146, -0.0233954, 0.504299, 0.117831, 0.0876913, 0.948839, 0.0384575, 0.0400907, 0.155231, 0.101956, -0.102739, 0.742381, -0.0726385, 0.119434, 0.710657, -0.104388, 0.0242052, -0.0671381, -0.0250146, 0.0718337, 0.155231, 0.0860814, 0.119434, 0.504299, 0.00670827, 0.0400907, 0.932927, -0.0408892, 0.00834762, 0.139419, 0.101956)

[sub_resource type="PrismMesh" id="PrismMesh_u5s7p"]
size = Vector3(1, 1, 0.26)

[sub_resource type="StandardMaterial3D" id="StandardMaterial3D_07ulg"]
albedo_color = Color(0.321569, 0.745098, 0.352941, 1)

[sub_resource type="SphereShape3D" id="SphereShape3D_b6l5p"]
radius = 0.3

[node name="Terrain_0" type="MeshInstance3D"]
transform = Transform3D(1, 0, 0, 0, 1, 0, 0, 0, 1, 0, 0, -7)
mesh = SubResource("PlaneMesh_wnprt")
surface_material_override/0 = SubResource("StandardMaterial3D_i5a0o")

[node name="Ground" type="StaticBody3D" parent="."]

[node name="CollisionShape3D" type="CollisionShape3D" parent="Ground"]
transform = Transform3D(1, 0, 0, 0, 1, 0, 0, 0, 1, 0, -0.2, 0)
shape = SubResource("ConcavePolygonShape3D_2nix7")

[node name="Tree-01_1" type="Area3D" parent="."]
transform = Transform3D(-0.63729, 0, 0.770624, 0, 1, 0, -0.770624, 0, -0.63729, -4.09405, 0, 7.30512)
collision_layer = 5
collision_mask = 5
script = ExtResource("1_0e5mq")

[node name="CollisionShape3D" type="CollisionShape3D" parent="Tree-01_1"]
transform = Transform3D(2.50379, 0, 0, 0, 2.50379, 0, 0, 0, 2.50379, 0, 0, 0)
shape = SubResource("ConvexPolygonShape3D_jnbxq")

[node name="tree_01-03" parent="Tree-01_1" instance=ExtResource("2_xdi1u")]

[node name="Tree-01_2" type="Area3D" parent="."]
transform = Transform3D(-0.779415, 0, 0.626509, 0, 1, 0, -0.626509, 0, -0.779415, 0.959727, 0, -3.05686)
collision_layer = 5
collision_mask = 5
script = ExtResource("1_0e5mq")

[node name="CollisionShape3D" type="CollisionShape3D" parent="Tree-01_2"]
transform = Transform3D(2.50379, 0, 0, 0, 2.50379, 0, 0, 0, 2.50379, 0, 0, 0)
shape = SubResource("ConvexPolygonShape3D_jnbxq")

[node name="tree_01-03" parent="Tree-01_2" instance=ExtResource("2_xdi1u")]

[node name="Tree-01_3" type="Area3D" parent="."]
transform = Transform3D(0.0422942, 0, -0.999105, 0, 1, 0, 0.999105, 0, 0.0422942, -13.1448, 0, -3.05686)
collision_layer = 5
collision_mask = 5
script = ExtResource("1_0e5mq")

[node name="CollisionShape3D" type="CollisionShape3D" parent="Tree-01_3"]
transform = Transform3D(2.50379, 0, 0, 0, 2.50379, 0, 0, 0, 2.50379, 0, 0, 0)
shape = SubResource("ConvexPolygonShape3D_jnbxq")

[node name="tree_01-03" parent="Tree-01_3" instance=ExtResource("2_xdi1u")]

[node name="Tree-01_4" type="Area3D" parent="."]
transform = Transform3D(-0.562271, 0, -0.826953, 0, 1, 0, 0.826953, 0, -0.562271, 5.28891, 0, -0.855268)
collision_layer = 5
collision_mask = 5
script = ExtResource("1_0e5mq")

[node name="CollisionShape3D" type="CollisionShape3D" parent="Tree-01_4"]
transform = Transform3D(2.50379, 0, 0, 0, 2.50379, 0, 0, 0, 2.50379, 0, 0, 0)
shape = SubResource("ConvexPolygonShape3D_jnbxq")

[node name="tree_01-03" parent="Tree-01_4" instance=ExtResource("2_xdi1u")]

[node name="Tree-01_5" type="Area3D" parent="."]
transform = Transform3D(-0.562271, 0, -0.826953, 0, 1, 0, 0.826953, 0, -0.562271, -9.30309, 0, 0.863276)
collision_layer = 5
collision_mask = 5
script = ExtResource("1_0e5mq")

[node name="CollisionShape3D" type="CollisionShape3D" parent="Tree-01_5"]
transform = Transform3D(2.50379, 0, 0, 0, 2.50379, 0, 0, 0, 2.50379, 0, 0, 0)
shape = SubResource("ConvexPolygonShape3D_jnbxq")

[node name="tree_01-03" parent="Tree-01_5" instance=ExtResource("2_xdi1u")]

[node name="Meat_1" type="Area3D" parent="."]
transform = Transform3D(0.442257, 0, -0.896888, 0, 1, 0, 0.896888, 0, 0.442257, 1.18738, 0.878878, 7.59704)
collision_layer = 5
collision_mask = 5
script = ExtResource("3_a2ojb")

[node name="Meat_Object" type="MeshInstance3D" parent="Meat_1"]
transform = Transform3D(-1, 8.74228e-08, 0, -8.74228e-08, -1, 0, 0, 0, 1, 0.136646, -0.0352044, 0.00895238)
visible = false
mesh = SubResource("PrismMesh_u5s7p")
surface_material_override/0 = SubResource("StandardMaterial3D_07ulg")

[node name="CollisionShape3D" type="CollisionShape3D" parent="Meat_1"]
transform = Transform3D(1, 0, 0, 0, 1, 0, 0, 0, 1, 0.13544, -0.811895, 0.00328267)
shape = SubResource("SphereShape3D_b6l5p")

[node name="cow_001" parent="Meat_1" instance=ExtResource("4_wk5vi")]
transform = Transform3D(0.127619, 0, 0.991823, 0, 1, 0, -0.991823, 0, 0.127619, 0.146392, -0.892553, 0.0381147)

[node name="Meat_2" type="Area3D" parent="."]
transform = Transform3D(0.73297, 0, -0.68026, 0, 1, 0, 0.68026, 0, 0.73297, 1.18738, 0.878878, 8.39037)
collision_layer = 5
collision_mask = 5
script = ExtResource("3_a2ojb")

[node name="Meat_Object" type="MeshInstance3D" parent="Meat_2"]
transform = Transform3D(-1, 8.74228e-08, 0, -8.74228e-08, -1, 0, 0, 0, 1, 0.136646, -0.0352044, 0.00895238)
visible = false
mesh = SubResource("PrismMesh_u5s7p")
surface_material_override/0 = SubResource("StandardMaterial3D_07ulg")

[node name="CollisionShape3D" type="CollisionShape3D" parent="Meat_2"]
transform = Transform3D(1, 0, 0, 0, 1, 0, 0, 0, 1, 0.13544, -0.811895, 0.00328267)
shape = SubResource("SphereShape3D_b6l5p")

[node name="cow_001" parent="Meat_2" instance=ExtResource("4_wk5vi")]
transform = Transform3D(0.127619, 0, 0.991823, 0, 1, 0, -0.991823, 0, 0.127619, 0.146392, -0.892553, 0.0381147)

[node name="Cow_Body" parent="Meat_2/cow_001" index="0"]
transform = Transform3D(1, 0, 2.98023e-08, 0, 1, 0, -2.98023e-08, 0, 1, 0, 0, 0)

[node name="Meat_3" type="Area3D" parent="."]
transform = Transform3D(0.982845, 0, -0.184432, 0, 1, 0, 0.184432, 0, 0.982845, 0.224787, 0.878878, 7.2815)
collision_layer = 5
collision_mask = 5
script = ExtResource("3_a2ojb")

[node name="Meat_Object" type="MeshInstance3D" parent="Meat_3"]
transform = Transform3D(-1, 8.74228e-08, 0, -8.74228e-08, -1, 0, 0, 0, 1, 0.136646, -0.0352044, 0.00895238)
visible = false
mesh = SubResource("PrismMesh_u5s7p")
surface_material_override/0 = SubResource("StandardMaterial3D_07ulg")

[node name="CollisionShape3D" type="CollisionShape3D" parent="Meat_3"]
transform = Transform3D(1, 0, 0, 0, 1, 0, 0, 0, 1, 0.13544, -0.811895, 0.00328267)
shape = SubResource("SphereShape3D_b6l5p")

[node name="cow_001" parent="Meat_3" instance=ExtResource("4_wk5vi")]
transform = Transform3D(0.127619, 0, 0.991823, 0, 1, 0, -0.991823, 0, 0.127619, 0.146392, -0.892553, 0.0381147)

[node name="Cow_Body" parent="Meat_3/cow_001" index="0"]
transform = Transform3D(1, 0, 2.98023e-08, 0, 1, 0, -2.98023e-08, 0, 1, 0, 0, 0)

[editable path="Tree-01_1/tree_01-03"]
[editable path="Tree-01_2/tree_01-03"]
[editable path="Tree-01_3/tree_01-03"]
[editable path="Tree-01_4/tree_01-03"]
[editable path="Tree-01_5/tree_01-03"]
[editable path="Meat_1/cow_001"]
[editable path="Meat_2/cow_001"]
[editable path="Meat_3/cow_001"]
