[gd_scene load_steps=14 format=3 uid="uid://5kyb60mmjahr"]

[ext_resource type="Script" path="res://Scripts/Obstacle.gd" id="1_cw65e"]
[ext_resource type="PackedScene" uid="uid://c4gt8ofayu0ec" path="res://Objects/Foliage/Tree_01/tree_01.tscn" id="2_2cola"]
[ext_resource type="Script" path="res://Scripts/Health.gd" id="3_pho7y"]
[ext_resource type="PackedScene" uid="uid://c0kld2qowd56l" path="res://NPCs/Cows/cow_001.tscn" id="4_6cg1h"]
[ext_resource type="PackedScene" uid="uid://b31bi8ri5wql0" path="res://Terrain/Cliffs/cliff_front_01.tscn" id="5_jbxsj"]

[sub_resource type="PlaneMesh" id="PlaneMesh_wnprt"]
size = Vector2(100, 20)

[sub_resource type="StandardMaterial3D" id="StandardMaterial3D_gdwe7"]
albedo_color = Color(0.0156863, 0.235294, 0.101961, 1)

[sub_resource type="ConcavePolygonShape3D" id="ConcavePolygonShape3D_gjw30"]
data = PackedVector3Array(50, 0, 10, -50, 0, 10, 50, 0, -10, -50, 0, 10, -50, 0, -10, 50, 0, -10)

[sub_resource type="ConvexPolygonShape3D" id="ConvexPolygonShape3D_qwi2u"]
points = PackedVector3Array(-5.99455, -71.0009, -8.31296, -6.39667, -70.7782, -8.31296, -5.80767, 7.41876, -8.32274, -3.38274, 7.41876, -8.30318, -3.34691, 7.46485, 11.6602, -5.99455, -71.0009, 91.582, -6.39667, -2.12064, -8.31296, -6.39667, -70.7782, 91.582, -6.29546, 7.45717, 11.6406, -3.34691, 7.46485, 91.6015, -6.39667, -2.12064, 91.582, -6.29546, 7.45717, 91.5722)

[sub_resource type="ConvexPolygonShape3D" id="ConvexPolygonShape3D_stmf6"]
points = PackedVector3Array(0.151205, 0.948839, -0.0250146, -0.13451, 0.504299, -0.00916637, 0.0242052, 0.028234, 0.0860814, -0.0233954, 0.520211, -0.152012, 0.0559482, -0.0671381, -0.00916637, -0.00750993, 0.567847, 0.117831, -0.070996, -0.0671381, 0.0225829, -0.102739, 0.742381, -0.104388, 0.119434, 0.742381, -0.104388, 0.0400907, 0.932927, 0.0225829, 0.0876913, 0.155231, 0.0702068, 0.151205, 0.948839, 0.0225829, -0.070996, -0.0671381, -0.00916637, -0.039253, 0.155231, 0.0860814, 0.13532, 0.726569, -0.0885131, 0.0718337, 0.932927, -0.0567639, 0.0242052, 0.536023, 0.117831, -0.13451, 0.551935, -0.00916637, 0.0718337, -0.0352148, 0.0384575, -0.13451, 0.520211, -0.0408892, -0.0233954, -0.0671381, 0.0702068, -0.039253, -0.0671381, -0.0250146, -0.0233954, 0.504299, 0.117831, 0.0876913, 0.948839, 0.0384575, 0.0400907, 0.155231, 0.101956, -0.102739, 0.742381, -0.0726385, 0.119434, 0.710657, -0.104388, 0.0242052, -0.0671381, -0.0250146, 0.0718337, 0.155231, 0.0860814, 0.119434, 0.504299, 0.00670827, 0.0400907, 0.932927, -0.0408892, 0.00834762, 0.139419, 0.101956)

[sub_resource type="PrismMesh" id="PrismMesh_sf2fu"]
size = Vector3(1, 1, 0.26)

[sub_resource type="StandardMaterial3D" id="StandardMaterial3D_ffam6"]
albedo_color = Color(0.321569, 0.745098, 0.352941, 1)

[sub_resource type="SphereShape3D" id="SphereShape3D_osc03"]
radius = 0.3

[node name="Terrain_0" type="MeshInstance3D"]
transform = Transform3D(1, 0, 0, 0, 1, 0, 0, 0, 1, 0, 0, -7)
mesh = SubResource("PlaneMesh_wnprt")
surface_material_override/0 = SubResource("StandardMaterial3D_gdwe7")

[node name="Ground" type="StaticBody3D" parent="."]

[node name="CollisionShape3D" type="CollisionShape3D" parent="Ground"]
transform = Transform3D(1, 0, 0, 0, 1, 0, 0, 0, 1, 0, 0, 0.013)
shape = SubResource("ConcavePolygonShape3D_gjw30")

[node name="Col_Cliff-Front" type="CollisionShape3D" parent="Ground"]
transform = Transform3D(0, 0, -1, 0, 1, 0, 1, 0, 0, 41.6496, -7.7, 13.3291)
shape = SubResource("ConvexPolygonShape3D_qwi2u")

[node name="Tree-01_3" type="Area3D" parent="."]
transform = Transform3D(-0.821836, 0, -0.569724, 0, 1, 0, 0.569724, 0, -0.821836, 3.23874, 0, 6.85849)
collision_layer = 5
collision_mask = 5
script = ExtResource("1_cw65e")
slowdown_amount = 2

[node name="CollisionShape3D" type="CollisionShape3D" parent="Tree-01_3"]
transform = Transform3D(2.50379, 0, 0, 0, 2.50379, 0, 0, 0, 2.50379, 0, 0, 0)
shape = SubResource("ConvexPolygonShape3D_stmf6")

[node name="tree_01-03" parent="Tree-01_3" instance=ExtResource("2_2cola")]

[node name="Tree-01_4" type="Area3D" parent="."]
transform = Transform3D(-0.00657991, 0, -0.999978, 0, 1, 0, 0.999978, 0, -0.00657991, 2.85802, 0, 8.34839)
collision_layer = 5
collision_mask = 5
script = ExtResource("1_cw65e")
slowdown_amount = 2

[node name="CollisionShape3D" type="CollisionShape3D" parent="Tree-01_4"]
transform = Transform3D(2.50379, 0, 0, 0, 2.50379, 0, 0, 0, 2.50379, 0, 0, 0)
shape = SubResource("ConvexPolygonShape3D_stmf6")

[node name="tree_01-03" parent="Tree-01_4" instance=ExtResource("2_2cola")]

[node name="Leaves" parent="Tree-01_4/tree_01-03" index="1"]
transform = Transform3D(2.50379, 0, 0, 0, 2.50379, 0, 0, 0, 2.50379, 0, 0, 0)

[node name="Tree-01_5" type="Area3D" parent="."]
transform = Transform3D(0.99706, 0, 0.076632, 0, 1, 0, -0.076632, 0, 0.99706, -1.57931, 0, 2.10602)
collision_layer = 5
collision_mask = 5
script = ExtResource("1_cw65e")
slowdown_amount = 2

[node name="CollisionShape3D" type="CollisionShape3D" parent="Tree-01_5"]
transform = Transform3D(2.50379, 0, 0, 0, 2.50379, 0, 0, 0, 2.50379, 0, 0, 0)
shape = SubResource("ConvexPolygonShape3D_stmf6")

[node name="tree_01-03" parent="Tree-01_5" instance=ExtResource("2_2cola")]

[node name="Tree-01_7" type="Area3D" parent="."]
transform = Transform3D(0.462321, 0, 0.886713, 0, 1, 0, -0.886713, 0, 0.462321, -1.46123, 0, -2.31324)
collision_layer = 5
collision_mask = 5
script = ExtResource("1_cw65e")
slowdown_amount = 2

[node name="CollisionShape3D" type="CollisionShape3D" parent="Tree-01_7"]
transform = Transform3D(2.50379, 0, 0, 0, 2.50379, 0, 0, 0, 2.50379, 0, 0, 0)
shape = SubResource("ConvexPolygonShape3D_stmf6")

[node name="tree_01-03" parent="Tree-01_7" instance=ExtResource("2_2cola")]

[node name="Tree-01_8" type="Area3D" parent="."]
transform = Transform3D(0.462321, 0, 0.886713, 0, 1, 0, -0.886713, 0, 0.462321, 1.17654, 0.016669, -7.03758)
collision_layer = 5
collision_mask = 5
script = ExtResource("1_cw65e")
slowdown_amount = 2

[node name="CollisionShape3D" type="CollisionShape3D" parent="Tree-01_8"]
transform = Transform3D(2.50379, 0, 0, 0, 2.50379, 0, 0, 0, 2.50379, 0, 0, 0)
shape = SubResource("ConvexPolygonShape3D_stmf6")

[node name="tree_01-03" parent="Tree-01_8" instance=ExtResource("2_2cola")]

[node name="Meat_1" type="Area3D" parent="." groups=["Meat"]]
transform = Transform3D(0.744377, -0.00014954, -0.66776, 1.76931e-05, 1, -0.000204199, 0.66776, 0.000140171, 0.744377, 2.65152, 0.878878, 4.02434)
collision_layer = 5
collision_mask = 5
script = ExtResource("3_pho7y")

[node name="Meat_Object" type="MeshInstance3D" parent="Meat_1"]
transform = Transform3D(-1, 8.74228e-08, 0, -8.74228e-08, -1, 0, 0, 0, 1, 0.136646, -0.0352044, 0.00895238)
visible = false
mesh = SubResource("PrismMesh_sf2fu")
surface_material_override/0 = SubResource("StandardMaterial3D_ffam6")

[node name="CollisionShape3D" type="CollisionShape3D" parent="Meat_1"]
transform = Transform3D(1, 0, 0, 0, 1, 0, 0, 0, 1, 0.13544, -0.811895, 0.00328267)
shape = SubResource("SphereShape3D_osc03")

[node name="cow_001" parent="Meat_1" instance=ExtResource("4_6cg1h")]
transform = Transform3D(0.127619, 0, 0.991823, 0, 1, 0, -0.991823, 0, 0.127619, 0.146392, -0.892553, 0.0381147)

[node name="Meat_2" type="Area3D" parent="." groups=["Meat"]]
transform = Transform3D(0.248284, 0, -0.968687, 0, 1, 0, 0.968687, 0, 0.248284, 3.43605, 0.882157, 5.0241)
collision_layer = 5
collision_mask = 5
script = ExtResource("3_pho7y")

[node name="Meat_Object" type="MeshInstance3D" parent="Meat_2"]
transform = Transform3D(-1, 8.74228e-08, 0, -8.74228e-08, -1, 0, 0, 0, 1, 0.136646, -0.0352044, 0.00895238)
visible = false
mesh = SubResource("PrismMesh_sf2fu")
surface_material_override/0 = SubResource("StandardMaterial3D_ffam6")

[node name="CollisionShape3D" type="CollisionShape3D" parent="Meat_2"]
transform = Transform3D(1, 0, 0, 0, 1, 0, 0, 0, 1, 0.13544, -0.811895, 0.00328267)
shape = SubResource("SphereShape3D_osc03")

[node name="cow_001" parent="Meat_2" instance=ExtResource("4_6cg1h")]
transform = Transform3D(0.127619, 0, 0.991823, 0, 1, 0, -0.991823, 0, 0.127619, 0.146392, -0.892553, 0.0381147)

[node name="Meat_3" type="Area3D" parent="." groups=["Meat"]]
transform = Transform3D(0.994445, 0, -0.105257, 0, 1, 0, 0.105257, 0, 0.994445, 2.75421, 0.869877, 5.23099)
collision_layer = 5
collision_mask = 5
script = ExtResource("3_pho7y")

[node name="Meat_Object" type="MeshInstance3D" parent="Meat_3"]
transform = Transform3D(-1, 8.74228e-08, 0, -8.74228e-08, -1, 0, 0, 0, 1, 0.136646, -0.0352044, 0.00895238)
visible = false
mesh = SubResource("PrismMesh_sf2fu")
surface_material_override/0 = SubResource("StandardMaterial3D_ffam6")

[node name="CollisionShape3D" type="CollisionShape3D" parent="Meat_3"]
transform = Transform3D(1, 0, 0, 0, 1, 0, 0, 0, 1, 0.13544, -0.811895, 0.00328267)
shape = SubResource("SphereShape3D_osc03")

[node name="cow_001" parent="Meat_3" instance=ExtResource("4_6cg1h")]
transform = Transform3D(0.127619, 0, 0.991823, 0, 1, 0, -0.991823, 0, 0.127619, 0.146392, -0.892553, 0.0381147)

[node name="Meat_4" type="Area3D" parent="." groups=["Meat"]]
transform = Transform3D(0.74395, 0, 0.668235, 0, 1, 0, -0.668235, 0, 0.74395, -1.24398, 0.878878, 4.1264)
collision_layer = 5
collision_mask = 5
script = ExtResource("3_pho7y")

[node name="Meat_Object" type="MeshInstance3D" parent="Meat_4"]
transform = Transform3D(-1, 8.74228e-08, 0, -8.74228e-08, -1, 0, 0, 0, 1, 0.136646, -0.0352044, 0.00895238)
visible = false
mesh = SubResource("PrismMesh_sf2fu")
surface_material_override/0 = SubResource("StandardMaterial3D_ffam6")

[node name="CollisionShape3D" type="CollisionShape3D" parent="Meat_4"]
transform = Transform3D(1, 0, 0, 0, 1, 0, 0, 0, 1, 0.13544, -0.811895, 0.00328267)
shape = SubResource("SphereShape3D_osc03")

[node name="cow_001" parent="Meat_4" instance=ExtResource("4_6cg1h")]
transform = Transform3D(0.127619, 0, 0.991823, 0, 1, 0, -0.991823, 0, 0.127619, 0.146392, -0.892553, 0.0381147)

[node name="Meat_5" type="Area3D" parent="." groups=["Meat"]]
transform = Transform3D(-0.652548, 0, 0.757747, 0, 1, 0, -0.757747, 0, -0.652548, -1.21979, 0.852754, 4.97269)
collision_layer = 5
collision_mask = 5
script = ExtResource("3_pho7y")

[node name="Meat_Object" type="MeshInstance3D" parent="Meat_5"]
transform = Transform3D(-1, 8.74228e-08, 0, -8.74228e-08, -1, 0, 0, 0, 1, 0.136646, -0.0352044, 0.00895238)
visible = false
mesh = SubResource("PrismMesh_sf2fu")
surface_material_override/0 = SubResource("StandardMaterial3D_ffam6")

[node name="CollisionShape3D" type="CollisionShape3D" parent="Meat_5"]
transform = Transform3D(1, 0, 0, 0, 1, 0, 0, 0, 1, 0.13544, -0.811895, 0.00328267)
shape = SubResource("SphereShape3D_osc03")

[node name="cow_001" parent="Meat_5" instance=ExtResource("4_6cg1h")]
transform = Transform3D(0.127619, 0, 0.991823, 0, 1, 0, -0.991823, 0, 0.127619, 0.146392, -0.892553, 0.0381147)

[node name="Meat_6" type="Area3D" parent="." groups=["Meat"]]
transform = Transform3D(0.510708, 0, 0.859754, 0, 1, 0, -0.859754, 0, 0.510708, -0.799394, 0.869877, 5.25266)
collision_layer = 5
collision_mask = 5
script = ExtResource("3_pho7y")

[node name="Meat_Object" type="MeshInstance3D" parent="Meat_6"]
transform = Transform3D(-1, 8.74228e-08, 0, -8.74228e-08, -1, 0, 0, 0, 1, 0.136646, -0.0352044, 0.00895238)
visible = false
mesh = SubResource("PrismMesh_sf2fu")
surface_material_override/0 = SubResource("StandardMaterial3D_ffam6")

[node name="CollisionShape3D" type="CollisionShape3D" parent="Meat_6"]
transform = Transform3D(1, 0, 0, 0, 1, 0, 0, 0, 1, 0.13544, -0.811895, 0.00328267)
shape = SubResource("SphereShape3D_osc03")

[node name="cow_001" parent="Meat_6" instance=ExtResource("4_6cg1h")]
transform = Transform3D(0.127619, 0, 0.991823, 0, 1, 0, -0.991823, 0, 0.127619, 0.146392, -0.892553, 0.0381147)

[node name="cliff_front_01" parent="." instance=ExtResource("5_jbxsj")]
transform = Transform3D(1, 0, 0, 0, 1, 0, 0, 0, 1, 0.658, -7.495, 21.33)

[editable path="Tree-01_3/tree_01-03"]
[editable path="Tree-01_4/tree_01-03"]
[editable path="Tree-01_5/tree_01-03"]
[editable path="Tree-01_7/tree_01-03"]
[editable path="Tree-01_8/tree_01-03"]
[editable path="Meat_1/cow_001"]
[editable path="Meat_2/cow_001"]
[editable path="Meat_3/cow_001"]
[editable path="Meat_4/cow_001"]
[editable path="Meat_5/cow_001"]
[editable path="Meat_6/cow_001"]
