[gd_scene load_steps=11 format=3 uid="uid://b7q68g3d41iig"]

[ext_resource type="PackedScene" uid="uid://b31bi8ri5wql0" path="res://Terrain/Cliffs/cliff_front_01.tscn" id="1_at7ww"]
[ext_resource type="PackedScene" uid="uid://b4qm8k4sih532" path="res://Objects/Buildings/Houses/House_01-02_00.tscn" id="2_w7tvh"]
[ext_resource type="PackedScene" uid="uid://dibay38r3ct56" path="res://NPCs/Humans/human_01_00.tscn" id="3_yv3uk"]
[ext_resource type="PackedScene" uid="uid://caxqah3ilcvfy" path="res://NPCs/Cows/Cow_01-03_00.tscn" id="4_huixb"]
[ext_resource type="PackedScene" uid="uid://bka4q282pwrgs" path="res://NPCs/Cars/Pickup Trucks/truck_pickup_01_00.tscn" id="5_2vdic"]

[sub_resource type="PlaneMesh" id="PlaneMesh_wnprt"]
size = Vector2(100, 20)

[sub_resource type="StandardMaterial3D" id="StandardMaterial3D_tmqub"]
albedo_color = Color(0.0156863, 0.235294, 0.101961, 1)

[sub_resource type="ConcavePolygonShape3D" id="ConcavePolygonShape3D_gjw30"]
data = PackedVector3Array(50, 0, 10, -50, 0, 10, 50, 0, -10, -50, 0, 10, -50, 0, -10, 50, 0, -10)

[sub_resource type="ConvexPolygonShape3D" id="ConvexPolygonShape3D_qwi2u"]
points = PackedVector3Array(-5.99455, -71.0009, -8.31296, -6.39667, -70.7782, -8.31296, -5.80767, 7.41876, -8.32274, -3.38274, 7.41876, -8.30318, -3.34691, 7.46485, 11.6602, -5.99455, -71.0009, 91.582, -6.39667, -2.12064, -8.31296, -6.39667, -70.7782, 91.582, -6.29546, 7.45717, 11.6406, -3.34691, 7.46485, 91.6015, -6.39667, -2.12064, 91.582, -6.29546, 7.45717, 91.5722)

[sub_resource type="ViewportTexture" id="ViewportTexture_8me0y"]
viewport_path = NodePath("SubViewport")

[node name="Terrain_1" type="MeshInstance3D"]
transform = Transform3D(1, 0, 0, 0, 1, 0, 0, 0, 1, 0, 0, -7)
mesh = SubResource("PlaneMesh_wnprt")
surface_material_override/0 = SubResource("StandardMaterial3D_tmqub")

[node name="Ground" type="StaticBody3D" parent="."]
transform = Transform3D(1, 0, 0, 0, 1, 0, 0, 0, 1, -0.00821066, -2.38419e-07, 0.0165749)
collision_mask = 0

[node name="CollisionShape3D" type="CollisionShape3D" parent="Ground"]
transform = Transform3D(1, 0, 0, 0, 1, 0, 0, 0, 1, 0, 0, 0.013)
shape = SubResource("ConcavePolygonShape3D_gjw30")

[node name="Col_Cliff-Front" type="CollisionShape3D" parent="Ground"]
transform = Transform3D(0, 0, -1, 0, 1, 0, 1, 0, 0, 41.6496, -7.7, 13.3291)
shape = SubResource("ConvexPolygonShape3D_qwi2u")

[node name="cliff_front_01" parent="." instance=ExtResource("1_at7ww")]
transform = Transform3D(1, 0, 0, 0, 1, 0, 0, 0, 1, 0.658, -7.495, 21.33)

[node name="house_01-02_00" parent="." instance=ExtResource("2_w7tvh")]
transform = Transform3D(0.758134, 0, 0.652098, 0, 1, 0, -0.652098, 0, 0.758134, -4.46503, -0.0206304, 1.16199)

[node name="house_01-02_01" parent="." instance=ExtResource("2_w7tvh")]
transform = Transform3D(0.758134, 0, 0.652098, 0, 1, 0, -0.652098, 0, 0.758134, -6.44389, -0.0206304, 7.70327)

[node name="Particles_Walls" parent="house_01-02_01/Obstacle/HitPoints" index="2"]
transform = Transform3D(-1, 0, 8.9407e-08, 0, 1, 0, -8.9407e-08, 0, -1, 0.00211859, -0.29305, 1.47519)

[node name="Arrow_Hover" parent="house_01-02_01/Obstacle" index="2"]
texture = SubResource("ViewportTexture_8me0y")

[node name="house_01-02_02" parent="." instance=ExtResource("2_w7tvh")]
transform = Transform3D(0.758134, 0, 0.652098, 0, 1, 0, -0.652098, 0, 0.758134, -2.46692, -0.0206304, -6.62102)

[node name="house_01-02_03" parent="." instance=ExtResource("2_w7tvh")]
transform = Transform3D(0.758134, 0, -0.652098, 0, 1, 0, 0.652098, 0, 0.758134, 6.12318, -0.0206308, 1.16152)

[node name="house_01-02_04" parent="." instance=ExtResource("2_w7tvh")]
transform = Transform3D(0.758134, 0, -0.652098, 0, 1, 0, 0.652098, 0, 0.758134, 7.71032, -0.0206308, 7.7028)

[node name="house_01-02_05" parent="." instance=ExtResource("2_w7tvh")]
transform = Transform3D(0.758134, 0, -0.652098, 0, 1, 0, 0.652098, 0, 0.758134, 3.82131, -0.0206308, -6.62149)

[node name="Human_01_00" parent="." instance=ExtResource("3_yv3uk")]
transform = Transform3D(1, 0, 0, 0, 1, 0, 0, 0, 1, -1.36673, -2.38419e-07, 2.69114)

[node name="Cow_01-03_00" parent="." instance=ExtResource("4_huixb")]
transform = Transform3D(1, 0, 0, 0, 1, 0, 0, 0, 1, 4.35116, -2.38419e-07, -2.42668)

[node name="Cow_01-03_01" parent="." instance=ExtResource("4_huixb")]
transform = Transform3D(1, 0, 0, 0, 1, 0, 0, 0, 1, 3.26465, -2.38419e-07, -0.0344954)

[node name="Cow_01-03_02" parent="." instance=ExtResource("4_huixb")]
transform = Transform3D(1, 0, 0, 0, 1, 0, 0, 0, 1, 3.3453, -2.38419e-07, 3.75369)

[node name="Cow_01-03_03" parent="." instance=ExtResource("4_huixb")]
transform = Transform3D(1, 0, 0, 0, 1, 0, 0, 0, 1, 3.97971, -2.38419e-07, 3.03265)

[node name="Cow_01-03_04" parent="." instance=ExtResource("4_huixb")]
transform = Transform3D(1, 0, 0, 0, 1, 0, 0, 0, 1, 3.15438, -2.38419e-07, 2.13634)

[node name="truckPickup_01_00" parent="." instance=ExtResource("5_2vdic")]
transform = Transform3D(0.0400794, 0, 0.999196, 0, 1, 0, -0.999196, 0, 0.0400794, -0.228109, -2.38419e-07, 0.854362)

[node name="truckPickup_01_01" parent="." instance=ExtResource("5_2vdic")]
transform = Transform3D(0.792332, 0, 0.61009, 0, 1, 0, -0.61009, 0, 0.792332, 1.7509, -2.38419e-07, 3.41737)

[editable path="house_01-02_01"]
[editable path="house_01-02_01/Obstacle/HitPoints"]
