[gd_scene load_steps=14 format=3 uid="uid://bbustci5tcx2e"]

[ext_resource type="PackedScene" uid="uid://b31bi8ri5wql0" path="res://Terrain/Cliffs/cliff_front_01.tscn" id="1_8oycn"]
[ext_resource type="PackedScene" uid="uid://f76a6025mm6h" path="res://Objects/Buildings/Barns/Cow_Barn_01/Cow-Barn_01_00.tscn" id="2_jqeqo"]
[ext_resource type="PackedScene" uid="uid://c0kld2qowd56l" path="res://NPCs/Cows/Cow_01_00.tscn" id="3_87srj"]
[ext_resource type="PackedScene" uid="uid://c4gt8ofayu0ec" path="res://Objects/Foliage/Tree_01/Tree_01_00.tscn" id="4_gyxgm"]
[ext_resource type="PackedScene" uid="uid://0sdt50wuw41u" path="res://Objects/Foliage/Tree_02/Tree_02_00.tscn" id="5_gbrhd"]
[ext_resource type="PackedScene" uid="uid://c1mgqdi4mt5o8" path="res://Objects/Foliage/Tree_03/Tree_03_00.tscn" id="6_vjmok"]
[ext_resource type="PackedScene" uid="uid://cjkv2h52kqtrf" path="res://Objects/Fences/fence_01_post_00.tscn" id="7_o45no"]
[ext_resource type="PackedScene" uid="uid://ccftg3fflv1d2" path="res://Objects/Fences/fence_01_l_00.tscn" id="8_nqddl"]
[ext_resource type="PackedScene" uid="uid://dttsur6xbonwb" path="res://Objects/Fences/fence_01_r_00.tscn" id="9_g7hn0"]

[sub_resource type="PlaneMesh" id="PlaneMesh_wnprt"]
size = Vector2(100, 20)

[sub_resource type="StandardMaterial3D" id="StandardMaterial3D_gdwe7"]
albedo_color = Color(0.0156863, 0.235294, 0.101961, 1)

[sub_resource type="ConcavePolygonShape3D" id="ConcavePolygonShape3D_gjw30"]
data = PackedVector3Array(50, 0, 10, -50, 0, 10, 50, 0, -10, -50, 0, 10, -50, 0, -10, 50, 0, -10)

[sub_resource type="ConvexPolygonShape3D" id="ConvexPolygonShape3D_qwi2u"]
points = PackedVector3Array(-5.99455, -71.0009, -8.31296, -6.39667, -70.7782, -8.31296, -5.80767, 7.41876, -8.32274, -3.38274, 7.41876, -8.30318, -3.34691, 7.46485, 11.6602, -5.99455, -71.0009, 91.582, -6.39667, -2.12064, -8.31296, -6.39667, -70.7782, 91.582, -6.29546, 7.45717, 11.6406, -3.34691, 7.46485, 91.6015, -6.39667, -2.12064, 91.582, -6.29546, 7.45717, 91.5722)

[node name="Terrain_0" type="MeshInstance3D"]
transform = Transform3D(1.00397, 0, 0, 0, 1.00397, 0, 0, 0, 1.00397, 0, 0, -7)
mesh = SubResource("PlaneMesh_wnprt")
surface_material_override/0 = SubResource("StandardMaterial3D_gdwe7")
metadata/_edit_lock_ = true

[node name="Ground" type="StaticBody3D" parent="."]
metadata/_edit_lock_ = true

[node name="CollisionShape3D" type="CollisionShape3D" parent="Ground"]
transform = Transform3D(1, 0, 0, 0, 1, 0, 0, 0, 1, 0, 0, 0.013)
shape = SubResource("ConcavePolygonShape3D_gjw30")
metadata/_edit_lock_ = true

[node name="Col_Cliff-Front" type="CollisionShape3D" parent="Ground"]
transform = Transform3D(0, 0, -1, 0, 1, 0, 1, 0, 0, 41.6496, -7.7, 13.3291)
shape = SubResource("ConvexPolygonShape3D_qwi2u")
metadata/_edit_lock_ = true

[node name="cliff_front_01" parent="." instance=ExtResource("1_8oycn")]
transform = Transform3D(1, 0, 0, 0, 1, 0, 0, 0, 1, 0.658, -7.495, 21.33)
metadata/_edit_lock_ = true

[node name="Cow-Barn_01_00" parent="." instance=ExtResource("2_jqeqo")]
transform = Transform3D(-4.35681e-08, 0, -0.996723, 0, 0.996723, 0, 0.996723, 0, -4.35681e-08, -6.22963, 2.38419e-07, -5.33195)

[node name="Cow-Barn_01_01" parent="." instance=ExtResource("2_jqeqo")]
transform = Transform3D(-4.35681e-08, 0, -0.996723, 0, 0.996723, 0, 0.996723, 0, -4.35681e-08, 5.15124, -0.000934601, -5.50137)

[node name="Cow-Barn_01_02" parent="." instance=ExtResource("2_jqeqo")]
transform = Transform3D(-4.35681e-08, 0, 0.996723, 0, 0.996723, 0, -0.996723, 0, -4.35681e-08, -6.22963, 2.38419e-07, 5.87626)

[node name="Cow-Barn_01_03" parent="." instance=ExtResource("2_jqeqo")]
transform = Transform3D(-4.35681e-08, 0, 0.996723, 0, 0.996723, 0, -0.996723, 0, -4.35681e-08, 5.30376, 2.38419e-07, 5.87626)

[node name="Cow_01_00" parent="." instance=ExtResource("3_87srj")]
transform = Transform3D(1, 0, 0, 0, 1, 0, 0, 0, 1, -2.35019, -0.00122181, 0.750782)

[node name="Cow_01_22" parent="." instance=ExtResource("3_87srj")]
transform = Transform3D(0.251765, 0, 0.967789, 0, 1, 0, -0.967789, 0, 0.251765, 3.68693, -0.00122181, 0.750782)

[node name="Cow_01_23" parent="." instance=ExtResource("3_87srj")]
transform = Transform3D(0.963668, 0, -0.267104, 0, 1, 0, 0.267104, 0, 0.963668, 5.38701, -0.00122181, 1.29628)

[node name="Cow_01_24" parent="." instance=ExtResource("3_87srj")]
transform = Transform3D(0.9242, 0, 0.38191, 0, 1, 0, -0.38191, 0, 0.9242, 4.70743, -0.00122181, 0.00412464)

[node name="Cow_01_25" parent="." instance=ExtResource("3_87srj")]
transform = Transform3D(-0.749141, 0, 0.662411, 0, 1, 0, -0.662411, 0, -0.749141, -5.7776, -0.00122181, 1.10161)

[node name="Cow_01_26" parent="." instance=ExtResource("3_87srj")]
transform = Transform3D(-0.882538, 0, -0.470242, 0, 1, 0, 0.470242, 0, -0.882538, -6.98811, -0.00122181, 0.0873938)

[node name="Cow_01_27" parent="." instance=ExtResource("3_87srj")]
transform = Transform3D(-0.965845, 0, -0.259123, 0, 1, 0, 0.259123, 0, -0.965845, 2.19257, -0.00122181, 1.97148)

[node name="Cow_01_01" parent="." instance=ExtResource("3_87srj")]
transform = Transform3D(-0.945074, 0, 0.326855, 0, 1, 0, -0.326855, 0, -0.945074, -5.20662, -0.00122181, -0.749081)

[node name="Cow_01_02" parent="." instance=ExtResource("3_87srj")]
transform = Transform3D(-0.945074, 0, 0.326856, 0, 1, 0, -0.326856, 0, -0.945074, -6.86552, -0.00122181, -2.1074)

[node name="Cow_01_03" parent="." instance=ExtResource("3_87srj")]
transform = Transform3D(0.749684, 0, 0.661796, 0, 1, 0, -0.661796, 0, 0.749684, -5.70545, -0.00122181, -2.1074)

[node name="Cow_01_04" parent="." instance=ExtResource("3_87srj")]
transform = Transform3D(0.749684, 0, 0.661796, 0, 1, 0, -0.661796, 0, 0.749684, -5.70545, -0.00122181, -2.89441)

[node name="Cow_01_05" parent="." instance=ExtResource("3_87srj")]
transform = Transform3D(-0.885069, 0, 0.465461, 0, 1, 0, -0.465461, 0, -0.885069, -6.78358, -0.00122181, -2.52304)

[node name="Cow_01_06" parent="." instance=ExtResource("3_87srj")]
transform = Transform3D(0.749684, 0, 0.661796, 0, 1, 0, -0.661796, 0, 0.749684, -5.70545, -0.00122181, -3.53129)

[node name="Cow_01_07" parent="." instance=ExtResource("3_87srj")]
transform = Transform3D(-0.885069, 0, 0.465461, 0, 1, 0, -0.465461, 0, -0.885069, -6.78358, -0.00122181, -3.15992)

[node name="Cow_01_08" parent="." instance=ExtResource("3_87srj")]
transform = Transform3D(0.749684, 0, 0.661796, 0, 1, 0, -0.661796, 0, 0.749684, -5.70545, -0.00122181, -4.06952)

[node name="Cow_01_09" parent="." instance=ExtResource("3_87srj")]
transform = Transform3D(-0.885069, 0, 0.465461, 0, 1, 0, -0.465461, 0, -0.885069, -6.78358, -0.00122181, -3.69815)

[node name="Cow_01_10" parent="." instance=ExtResource("3_87srj")]
transform = Transform3D(0.749684, 0, 0.661796, 0, 1, 0, -0.661796, 0, 0.749684, -5.70545, -0.00122181, -4.79038)

[node name="Cow_01_11" parent="." instance=ExtResource("3_87srj")]
transform = Transform3D(-0.885069, 0, 0.465461, 0, 1, 0, -0.465461, 0, -0.885069, -6.78358, -0.00122181, -4.41901)

[node name="Cow_01_12" parent="." instance=ExtResource("3_87srj")]
transform = Transform3D(-0.945074, 0, 0.326856, 0, 1, 0, -0.326856, 0, -0.945074, 4.71903, -0.00122181, -2.1074)

[node name="Cow_01_13" parent="." instance=ExtResource("3_87srj")]
transform = Transform3D(0.749684, 0, 0.661796, 0, 1, 0, -0.661796, 0, 0.749684, 5.8791, -0.00122181, -2.1074)

[node name="Cow_01_14" parent="." instance=ExtResource("3_87srj")]
transform = Transform3D(0.749684, 0, 0.661796, 0, 1, 0, -0.661796, 0, 0.749684, 5.8791, -0.00122181, -2.89441)

[node name="Cow_01_15" parent="." instance=ExtResource("3_87srj")]
transform = Transform3D(-0.885069, 0, 0.465461, 0, 1, 0, -0.465461, 0, -0.885069, 4.80097, -0.00122181, -2.52304)

[node name="Cow_01_16" parent="." instance=ExtResource("3_87srj")]
transform = Transform3D(0.749684, 0, 0.661796, 0, 1, 0, -0.661796, 0, 0.749684, 5.8791, -0.00122181, -3.53129)

[node name="Cow_01_17" parent="." instance=ExtResource("3_87srj")]
transform = Transform3D(-0.885069, 0, 0.465461, 0, 1, 0, -0.465461, 0, -0.885069, 4.80097, -0.00122181, -3.15992)

[node name="Cow_01_18" parent="." instance=ExtResource("3_87srj")]
transform = Transform3D(0.749684, 0, 0.661796, 0, 1, 0, -0.661796, 0, 0.749684, 5.8791, -0.00122181, -4.06952)

[node name="Cow_01_19" parent="." instance=ExtResource("3_87srj")]
transform = Transform3D(-0.885069, 0, 0.465461, 0, 1, 0, -0.465461, 0, -0.885069, 4.80096, -0.00122181, -3.69815)

[node name="Cow_01_20" parent="." instance=ExtResource("3_87srj")]
transform = Transform3D(0.749684, 0, 0.661796, 0, 1, 0, -0.661796, 0, 0.749684, 5.8791, -0.00122181, -4.79038)

[node name="Cow_01_21" parent="." instance=ExtResource("3_87srj")]
transform = Transform3D(-0.885069, 0, 0.465461, 0, 1, 0, -0.465461, 0, -0.885069, 4.80096, -0.00122181, -4.41901)

[node name="Tree_01_00" parent="." instance=ExtResource("4_gyxgm")]
transform = Transform3D(1, 0, 0, 0, 1, 0, 0, 0, 1, -2.46407, 4.76837e-07, -6.31851)

[node name="Tree_01_01" parent="." instance=ExtResource("4_gyxgm")]
transform = Transform3D(0.495247, 0, 0.868753, 0, 1, 0, -0.868753, 0, 0.495247, 0.597137, 4.76837e-07, -0.42844)

[node name="Tree_01_02" parent="." instance=ExtResource("4_gyxgm")]
transform = Transform3D(0.495247, 0, 0.868753, 0, 1, 0, -0.868753, 0, 0.495247, -3.06943, 4.76837e-07, 5.55956)

[node name="Tree_01_03" parent="." instance=ExtResource("4_gyxgm")]
transform = Transform3D(0.495247, 0, 0.868753, 0, 1, 0, -0.868753, 0, 0.495247, 10.7902, 4.76837e-07, 0.533868)

[node name="Tree_01_04" parent="." instance=ExtResource("4_gyxgm")]
transform = Transform3D(0.495247, 0, 0.868753, 0, 1, 0, -0.868753, 0, 0.495247, -16.3261, 4.76837e-07, -4.8932)

[node name="Tree_01_05" parent="." instance=ExtResource("4_gyxgm")]
transform = Transform3D(0.897066, 0, -0.441898, 0, 1, 0, 0.441898, 0, 0.897066, 14.461, 4.76837e-07, -4.8932)

[node name="Tree_01_06" parent="." instance=ExtResource("4_gyxgm")]
transform = Transform3D(0.897066, 0, -0.441898, 0, 1, 0, 0.441898, 0, 0.897066, 14.461, 4.76837e-07, 1.95118)

[node name="Tree_01_07" parent="." instance=ExtResource("4_gyxgm")]
transform = Transform3D(0.897066, 0, -0.441898, 0, 1, 0, 0.441898, 0, 0.897066, -11.6656, 4.76837e-07, 1.95118)

[node name="Tree_02_00" parent="." instance=ExtResource("5_gbrhd")]
transform = Transform3D(1, 0, 0, 0, 1, 0, 0, 0, 1, 8.63392, 0, 4.28619)

[node name="Tree_02_01" parent="." instance=ExtResource("5_gbrhd")]
transform = Transform3D(1, 0, 0, 0, 1, 0, 0, 0, 1, 13.264, 0, 6.82128)

[node name="Tree_02_02" parent="." instance=ExtResource("5_gbrhd")]
transform = Transform3D(0.454799, 0, 0.890594, 0, 1, 0, -0.890594, 0, 0.454799, 0.705931, 0, 7.70971)

[node name="Tree_02_03" parent="." instance=ExtResource("5_gbrhd")]
transform = Transform3D(-0.718321, 0, 0.695713, 0, 1, 0, -0.695713, 0, -0.718321, -16.8597, 0, 4.60902)

[node name="Tree_02_04" parent="." instance=ExtResource("5_gbrhd")]
transform = Transform3D(-0.718321, 0, 0.695713, 0, 1, 0, -0.695713, 0, -0.718321, -12.1708, 0, -7.87894)

[node name="Tree_02_05" parent="." instance=ExtResource("5_gbrhd")]
transform = Transform3D(-0.522409, 0, -0.852696, 0, 1, 0, 0.852696, 0, -0.522409, 20.6763, 0, -7.87894)

[node name="Tree_02_06" parent="." instance=ExtResource("5_gbrhd")]
transform = Transform3D(0.528335, 0, -0.849037, 0, 1, 0, 0.849037, 0, 0.528335, -20.8168, 0, -1.02019)

[node name="Tree_03_00" parent="." instance=ExtResource("6_vjmok")]
transform = Transform3D(1, 0, 0, 0, 1, 0, 0, 0, 1, 2.70633, 0, 4.09722)

[node name="Tree_03_01" parent="." instance=ExtResource("6_vjmok")]
transform = Transform3D(0.662868, 0, 0.748736, 0, 1, 0, -0.748736, 0, 0.662868, 3.37091, 0, 4.91573)

[node name="Tree_03_02" parent="." instance=ExtResource("6_vjmok")]
transform = Transform3D(0.662868, 0, 0.748736, 0, 1, 0, -0.748736, 0, 0.662868, 2.14444, 0, -9.01308)

[node name="Tree_03_03" parent="." instance=ExtResource("6_vjmok")]
transform = Transform3D(0.154555, 0, 0.987984, 0, 1, 0, -0.987984, 0, 0.154555, 3.2943, 0, -7.82021)

[node name="Tree_03_04" parent="." instance=ExtResource("6_vjmok")]
transform = Transform3D(0.154555, 0, 0.987984, 0, 1, 0, -0.987984, 0, 0.154555, -19.5087, 0, 7.66419)

[node name="Tree_03_05" parent="." instance=ExtResource("6_vjmok")]
transform = Transform3D(-0.998241, 0, -0.059289, 0, 1, 0, 0.059289, 0, -0.998241, -17.7835, 0, 8.49959)

[node name="Tree_03_06" parent="." instance=ExtResource("6_vjmok")]
transform = Transform3D(-0.699227, 0, -0.7149, 0, 1, 0, 0.7149, 0, -0.699227, -11.3183, -0.0586574, 7.55997)

[node name="Fence_01-Post_00" parent="." instance=ExtResource("7_o45no")]
transform = Transform3D(1, 0, 0, 0, 1, 0, 0, 0, 1, 3.02936, 0, 1.69328)

[node name="Fence_01-L_00" parent="." instance=ExtResource("8_nqddl")]
transform = Transform3D(1, 0, 0, 0, 1, 0, 0, 0, 1, 2.81445, -0.000889703, 1.69398)

[node name="Fence_01-R_00" parent="." instance=ExtResource("9_g7hn0")]
transform = Transform3D(1, 0, 0, 0, 1, 0, 0, 0, 1, 3.24655, 2.98023e-08, 1.69139)

[node name="Fence_01-R_01" parent="." instance=ExtResource("9_g7hn0")]
transform = Transform3D(1, 0, 0, 0, 1, 0, 0, 0, 1, 3.70117, 0, 1.68386)
