[gd_scene load_steps=10 format=3 uid="uid://crbss55beofow"]

[ext_resource type="PackedScene" uid="uid://c0kld2qowd56l" path="res://NPCs/Cows/Cow_01_00.tscn" id="2_7bv86"]
[ext_resource type="PackedScene" uid="uid://b31bi8ri5wql0" path="res://Terrain/Cliffs/cliff_front_01.tscn" id="3_trxiy"]
[ext_resource type="PackedScene" uid="uid://c4gt8ofayu0ec" path="res://Objects/Foliage/Tree_01/Tree_01_00.tscn" id="4_xspwi"]
[ext_resource type="PackedScene" uid="uid://0sdt50wuw41u" path="res://Objects/Foliage/Tree_02/Tree_02_00.tscn" id="5_fh7qu"]
[ext_resource type="PackedScene" uid="uid://c1mgqdi4mt5o8" path="res://Objects/Foliage/Tree_03/Tree_03_00.tscn" id="5_nnxe5"]

[sub_resource type="PlaneMesh" id="PlaneMesh_wnprt"]
size = Vector2(100, 20)

[sub_resource type="StandardMaterial3D" id="StandardMaterial3D_i5a0o"]
albedo_color = Color(0.0156863, 0.235294, 0.101961, 1)

[sub_resource type="ConcavePolygonShape3D" id="ConcavePolygonShape3D_2nix7"]
data = PackedVector3Array(50, 0, 10, -50, 0, 10, 50, 0, -10, -50, 0, 10, -50, 0, -10, 50, 0, -10)

[sub_resource type="ConvexPolygonShape3D" id="ConvexPolygonShape3D_dl35x"]
points = PackedVector3Array(-5.99455, -71.0009, -8.31296, -6.39667, -70.7782, -8.31296, -5.80767, 7.41876, -8.32274, -3.38274, 7.41876, -8.30318, -3.34691, 7.46485, 11.6602, -5.99455, -71.0009, 91.582, -6.39667, -2.12064, -8.31296, -6.39667, -70.7782, 91.582, -6.29546, 7.45717, 11.6406, -3.34691, 7.46485, 91.6015, -6.39667, -2.12064, 91.582, -6.29546, 7.45717, 91.5722)

[node name="Terrain_0" type="MeshInstance3D"]
transform = Transform3D(1, 0, 0, 0, 1, 0, 0, 0, 1, 0, 0, -7)
mesh = SubResource("PlaneMesh_wnprt")
surface_material_override/0 = SubResource("StandardMaterial3D_i5a0o")
metadata/_edit_lock_ = true

[node name="Ground" type="StaticBody3D" parent="."]
metadata/_edit_lock_ = true

[node name="CollisionShape3D" type="CollisionShape3D" parent="Ground"]
shape = SubResource("ConcavePolygonShape3D_2nix7")
metadata/_edit_lock_ = true

[node name="Col_Cliff-Front" type="CollisionShape3D" parent="Ground"]
transform = Transform3D(0, 0, -1, 0, 1, 0, 1, 0, 0, 41.658, -7.7, 13.33)
shape = SubResource("ConvexPolygonShape3D_dl35x")
metadata/_edit_lock_ = true

[node name="cliff_front_01" parent="." instance=ExtResource("3_trxiy")]
transform = Transform3D(1, 0, 0, 0, 1, 0, 0, 0, 1, 0.658, -7.495, 21.33)
metadata/_edit_lock_ = true

[node name="Cube_001" parent="cliff_front_01" index="0"]
metadata/_edit_lock_ = true

[node name="Tree_01_00" parent="." instance=ExtResource("4_xspwi")]
transform = Transform3D(0.228283, 0, 0.973595, 0, 1, 0, -0.973595, 0, 0.228283, -10.9027, 1.19209e-07, 7.11816)

[node name="Tree_01_01" parent="." instance=ExtResource("4_xspwi")]
transform = Transform3D(-0.519638, 0, 0.854386, 0, 1, 0, -0.854386, 0, -0.519638, 12.3156, 1.19209e-07, -3.51674)

[node name="Tree_01_02" parent="." instance=ExtResource("4_xspwi")]
transform = Transform3D(-0.396651, 0, -0.917969, 0, 1, 0, 0.917969, 0, -0.396651, -16.2886, 1.19209e-07, -0.820375)

[node name="Tree_01_03" parent="." instance=ExtResource("4_xspwi")]
transform = Transform3D(0.934894, 0, 0.354928, 0, 1, 0, -0.354928, 0, 0.934894, -16.707, 1.19209e-07, -8.72237)

[node name="Tree_01_04" parent="." instance=ExtResource("4_xspwi")]
transform = Transform3D(-0.542793, 0, 0.839866, 0, 1, 0, -0.839866, 0, -0.542793, 5.90529, 1.19209e-07, 3.50456)

[node name="Tree_01_05" parent="." instance=ExtResource("4_xspwi")]
transform = Transform3D(-0.946385, 0, -0.323042, 0, 1, 0, 0.323042, 0, -0.946385, 3.56993, 1.19209e-07, -7.78705)

[node name="Tree_01_08" parent="." instance=ExtResource("4_xspwi")]
transform = Transform3D(-0.566622, 0, -0.823978, 0, 1, 0, 0.823978, 0, -0.566622, -2.95885, 1.19209e-07, -9.06998)

[node name="Tree_01_06" parent="." instance=ExtResource("4_xspwi")]
transform = Transform3D(0.681449, 0, -0.731865, 0, 1, 0, 0.731865, 0, 0.681449, 6.52829, 0.0465213, -1.52964)

[node name="Tree_02_00" parent="." instance=ExtResource("5_fh7qu")]
transform = Transform3D(0.217479, 0, 0.976065, 0, 1, 0, -0.976065, 0, 0.217479, -9.90579, 2.38419e-07, 1.74379)

[node name="Tree_02_01" parent="." instance=ExtResource("5_fh7qu")]
transform = Transform3D(-0.963434, 0, 0.267945, 0, 1, 0, -0.267945, 0, -0.963434, -10.0523, 2.38419e-07, 3.063)

[node name="Tree_02_02" parent="." instance=ExtResource("5_fh7qu")]
transform = Transform3D(-0.476223, 0, -0.879325, 0, 1, 0, 0.879325, 0, -0.476223, 2.39909, 2.38419e-07, 8.06755)

[node name="Tree_02_03" parent="." instance=ExtResource("5_fh7qu")]
transform = Transform3D(-0.928395, 0, -0.371595, 0, 1, 0, 0.371595, 0, -0.928395, -8.1727, 2.38419e-07, 8.0508)

[node name="Tree_02_04" parent="." instance=ExtResource("5_fh7qu")]
transform = Transform3D(-0.561535, 0, -0.827453, 0, 1, 0, 0.827453, 0, -0.561535, -15.1785, 2.38419e-07, -7.02172)

[node name="Tree_02_05" parent="." instance=ExtResource("5_fh7qu")]
transform = Transform3D(0.326624, 0, -0.945154, 0, 1, 0, 0.945154, 0, 0.326624, 2.25738, 2.38419e-07, 2.44019)

[node name="Cow_01_00" parent="." instance=ExtResource("2_7bv86")]
transform = Transform3D(0.171998, 0, 0.985097, 0, 1, 0, -0.985097, 0, 0.171998, -5.01986, 0, 6.67211)

[node name="Cow_01_01" parent="." instance=ExtResource("2_7bv86")]
transform = Transform3D(-0.917074, 0, 0.398717, 0, 1, 0, -0.398717, 0, -0.917074, -5.60155, 0, 6.67211)

[node name="Cow_01_02" parent="." instance=ExtResource("2_7bv86")]
transform = Transform3D(-0.63815, 0, -0.769912, 0, 1, 0, 0.769912, 0, -0.63815, -5.23083, 0, 7.12851)

[node name="Tree_03_00" parent="." instance=ExtResource("5_nnxe5")]
transform = Transform3D(1, 0, 0, 0, 1, 0, 0, 0, 1, 9.59422, 0, 8.76484)

[node name="Tree_03_01" parent="." instance=ExtResource("5_nnxe5")]
transform = Transform3D(0.194748, 0, 0.980853, 0, 1, 0, -0.980853, 0, 0.194748, -3.88999, 0, 9.36593)

[node name="Tree_03_02" parent="." instance=ExtResource("5_nnxe5")]
transform = Transform3D(-0.337259, 0, 0.941412, 0, 1, 0, -0.941412, 0, -0.337259, 8.76705, 0, 9.14509)

[node name="Tree_03_03" parent="." instance=ExtResource("5_nnxe5")]
transform = Transform3D(-0.993232, 0, -0.116151, 0, 1, 0, 0.116151, 0, -0.993232, 7.15637, 0, 9.19622)

[node name="Tree_03_04" parent="." instance=ExtResource("5_nnxe5")]
transform = Transform3D(-0.993232, 0, -0.116151, 0, 1, 0, 0.116151, 0, -0.993232, -20.1751, 0, 4.67861)

[node name="Tree_03_05" parent="." instance=ExtResource("5_nnxe5")]
transform = Transform3D(0.24414, 0, -0.96974, 0, 1, 0, 0.96974, 0, 0.24414, -20.0156, 0, 3.62934)

[node name="Tree_03_06" parent="." instance=ExtResource("5_nnxe5")]
transform = Transform3D(0.250059, 0, -0.968231, 0, 1, 0, 0.968231, 0, 0.250059, -19.1558, 0, 4.76719)

[node name="Tree_01_07" parent="." instance=ExtResource("4_xspwi")]
transform = Transform3D(-0.963663, 0, -0.267121, 0, 1, 0, 0.267121, 0, -0.963663, 10.5188, 1.19209e-07, 4.35689)

[node name="Tree_02_06" parent="." instance=ExtResource("5_fh7qu")]
transform = Transform3D(-0.960644, 0, -0.277784, 0, 1, 0, 0.277784, 0, -0.960644, 10.0692, 2.38419e-07, 0.702538)

[node name="Tree_03_16" parent="." instance=ExtResource("5_nnxe5")]
transform = Transform3D(0.578698, 0, -0.815542, 0, 1, 0, 0.815542, 0, 0.578698, 7.48374, 0, 6.33592)

[node name="Tree_03_17" parent="." instance=ExtResource("5_nnxe5")]
transform = Transform3D(0.729327, 0, 0.684165, 0, 1, 0, -0.684165, 0, 0.729327, 6.95924, 0, 5.92864)

[node name="Tree_03_18" parent="." instance=ExtResource("5_nnxe5")]
transform = Transform3D(0.729327, 0, 0.684165, 0, 1, 0, -0.684165, 0, 0.729327, 7.66857, 0, 5.33896)

[node name="Tree_03_07" parent="." instance=ExtResource("5_nnxe5")]
transform = Transform3D(0.841001, 0, -0.541033, 0, 1, 0, 0.541033, 0, 0.841001, -8.49724, 0, -4.53301)

[node name="Tree_03_08" parent="." instance=ExtResource("5_nnxe5")]
transform = Transform3D(0.999994, 0, 0.00340319, 0, 1, 0, -0.00340319, 0, 0.999994, -9.68965, 0, -5.4004)

[node name="Tree_03_21" parent="." instance=ExtResource("5_nnxe5")]
transform = Transform3D(0.611862, -0.00895342, 0.790914, 0.00547847, 0.99996, 0.00708167, -0.790946, 0, 0.611886, -2.6529, -0.00302448, -2.83875)

[node name="Tree_03_22" parent="." instance=ExtResource("5_nnxe5")]
transform = Transform3D(-0.102892, -0.00895342, 0.994652, -0.000921276, 0.99996, 0.0089059, -0.994692, 0, -0.102897, -1.97732, 0.00302448, -1.84278)

[node name="Tree_03_09" parent="." instance=ExtResource("5_nnxe5")]
transform = Transform3D(0.294658, 0, 0.955603, 0, 1, 0, -0.955603, 0, 0.294658, 9.41633, 0, -9.47681)

[node name="Tree_03_10" parent="." instance=ExtResource("5_nnxe5")]
transform = Transform3D(-0.268819, 0, 0.963191, 0, 1, 0, -0.963191, 0, -0.268819, 10.1333, 0, -9.31697)

[node name="Tree_03_11" parent="." instance=ExtResource("5_nnxe5")]
transform = Transform3D(-0.268819, 0, 0.963191, 0, 1, 0, -0.963191, 0, -0.268819, -16.1997, 0, -2.53936)

[node name="Tree_03_12" parent="." instance=ExtResource("5_nnxe5")]
transform = Transform3D(-0.960254, 0, 0.279125, 0, 1, 0, -0.279125, 0, -0.960254, -14.6084, 0, -0.905647)

[node name="Tree_03_19" parent="." instance=ExtResource("5_nnxe5")]
transform = Transform3D(-0.268819, 0, 0.963191, 0, 1, 0, -0.963191, 0, -0.268819, -4.24266, 0, 1.09748)

[node name="Tree_03_20" parent="." instance=ExtResource("5_nnxe5")]
transform = Transform3D(-0.960254, 0, 0.279125, 0, 1, 0, -0.279125, 0, -0.960254, -3.93065, 0, 1.74496)

[node name="Tree_03_13" parent="." instance=ExtResource("5_nnxe5")]
transform = Transform3D(-0.960254, 0, 0.279125, 0, 1, 0, -0.279125, 0, -0.960254, -2.80811, 0, 5.45982)

[node name="Tree_03_14" parent="." instance=ExtResource("5_nnxe5")]
transform = Transform3D(-0.438638, 0, -0.898664, 0, 1, 0, 0.898664, 0, -0.438638, -3.25482, 0, 4.89701)

[node name="Tree_03_15" parent="." instance=ExtResource("5_nnxe5")]
transform = Transform3D(0.670698, 0, -0.74173, 0, 1, 0, 0.74173, 0, 0.670698, -3.743, 0, 5.32097)

[editable path="cliff_front_01"]
