[gd_scene load_steps=5 format=3 uid="uid://c3pvb5lg3mq6r"]

[ext_resource type="PackedScene" uid="uid://7cd7bq27jnyj" path="res://Terrain/BASE_TERRAIN_BLOCKS/block_blank-grass.tscn" id="1_g8154"]
[ext_resource type="PackedScene" uid="uid://cm61hhhqrodvc" path="res://Objects/Foliage/Tree_01/Tree_01-02_00.tscn" id="4_45m1v"]
[ext_resource type="PackedScene" uid="uid://bw3rfvleuqpka" path="res://Objects/Foliage/Tree_03/Tree_03-02_00.tscn" id="4_qk177"]
[ext_resource type="PackedScene" uid="uid://c5g8y5bkmlflf" path="res://Objects/Foliage/Tree_02/Tree_02-02_00.tscn" id="4_r0tgw"]

[node name="Terrain_0" instance=ExtResource("1_g8154")]
is_type = 1

[node name="tree_01-03" parent="." index="4" instance=ExtResource("4_45m1v")]
transform = Transform3D(1, 0, 0, 0, 1, 0, 0, 0, 1, -23.25, 0, 7.75)

[node name="tree_01-04" parent="." index="5" instance=ExtResource("4_45m1v")]
transform = Transform3D(0.5, 0, 0.866025, 0, 1, 0, -0.866025, 0, 0.5, -27, 0, 1)

[node name="tree_01-05" parent="." index="6" instance=ExtResource("4_45m1v")]
transform = Transform3D(-0.258819, 0, 0.965926, 0, 1, 0, -0.965926, 0, -0.258819, -24.75, 0, -6.5)

[node name="tree_01-07" parent="." index="7" instance=ExtResource("4_45m1v")]
transform = Transform3D(-0.258819, 0, 0.965926, 0, 1, 0, -0.965926, 0, -0.258819, 10.5, 0, 7)

[node name="tree_01-08" parent="." index="8" instance=ExtResource("4_45m1v")]
transform = Transform3D(-0.866025, 0, 0.5, 0, 1, 0, -0.5, 0, -0.866025, 13.5, 0, -5.75)

[node name="tree_01-09" parent="." index="9" instance=ExtResource("4_45m1v")]
transform = Transform3D(-0.965926, 0, -0.258819, 0, 1, 0, 0.258819, 0, -0.965926, -15, 0, -1.25)

[node name="tree_01-10" parent="." index="10" instance=ExtResource("4_45m1v")]
transform = Transform3D(-0.5, 0, -0.866025, 0, 1, 0, 0.866025, 0, -0.5, -9.75, 0, 2.5)

[node name="tree_01-11" parent="." index="11" instance=ExtResource("4_45m1v")]
transform = Transform3D(2.98023e-08, 0, -1, 0, 1, 0, 1, 0, 2.98023e-08, 24, 0, 2.5)

[node name="tree_01-12" parent="." index="12" instance=ExtResource("4_45m1v")]
transform = Transform3D(2.98023e-08, 0, -1, 0, 1, 0, 1, 0, 2.98023e-08, 13.5, 0, -0.5)

[node name="tree_01-13" parent="." index="13" instance=ExtResource("4_45m1v")]
transform = Transform3D(0.5, 0, -0.866025, 0, 1, 0, 0.866025, 0, 0.5, 22.5, 0, -8)

[node name="tree_01-14" parent="." index="14" instance=ExtResource("4_45m1v")]
transform = Transform3D(0.5, 0, -0.866025, 0, 1, 0, 0.866025, 0, 0.5, 24.75, 0, 6.25)

[node name="tree_01-15" parent="." index="15" instance=ExtResource("4_45m1v")]
transform = Transform3D(0.866025, 0, -0.5, 0, 1, 0, 0.5, 0, 0.866025, 17.25, 0, 0.25)

[node name="tree_01-16" parent="." index="16" instance=ExtResource("4_45m1v")]
transform = Transform3D(0.965926, 0, 0.258819, 0, 1, 0, -0.258819, 0, 0.965926, 17.25, 0, 7)

[node name="tree_01-17" parent="." index="17" instance=ExtResource("4_45m1v")]
transform = Transform3D(0.965926, 0, 0.258819, 0, 1, 0, -0.258819, 0, 0.965926, 17.25, 0, -7.25)

[node name="tree_01-18" parent="." index="18" instance=ExtResource("4_45m1v")]
transform = Transform3D(0.965926, 0, 0.258819, 0, 1, 0, -0.258819, 0, 0.965926, 3, 0, -2.75)

[node name="tree_01-19" parent="." index="19" instance=ExtResource("4_45m1v")]
transform = Transform3D(0.5, 0, 0.866025, 0, 1, 0, -0.866025, 0, 0.5, -6.55541, 0, 8.5)

[node name="tree_01-06" parent="." index="20" instance=ExtResource("4_45m1v")]
transform = Transform3D(-5.96046e-08, 0, 1, 0, 1, 0, -1, 0, -5.96046e-08, -8.25, 0, -6.5)

[node name="Tree_02-02_06" parent="." index="21" instance=ExtResource("4_r0tgw")]
transform = Transform3D(0.707107, 0, 0.707107, 0, 1, 0, -0.707107, 0, 0.707107, 22.0946, 0, 7.95309)

[node name="Tree_02-02_07" parent="." index="22" instance=ExtResource("4_r0tgw")]
transform = Transform3D(-0.146808, 0, 0.989165, 0, 1, 0, -0.989165, 0, -0.146808, 13.8583, 0, 5.86178)

[node name="Tree_02-02_08" parent="." index="23" instance=ExtResource("4_r0tgw")]
transform = Transform3D(-0.937379, 0, 0.34831, 0, 1, 0, -0.34831, 0, -0.937379, -20.7806, 0, 5.86178)

[node name="Tree_02-02_09" parent="." index="24" instance=ExtResource("4_r0tgw")]
transform = Transform3D(-0.937379, 0, 0.34831, 0, 1, 0, -0.34831, 0, -0.937379, -18.7544, 0, -7.84649)

[node name="Tree_02-02_10" parent="." index="25" instance=ExtResource("4_r0tgw")]
transform = Transform3D(-0.937379, 0, 0.34831, 0, 1, 0, -0.34831, 0, -0.937379, -12.3945, 0, 8.22885)

[node name="Tree_02-02_11" parent="." index="26" instance=ExtResource("4_r0tgw")]
transform = Transform3D(0.284869, 0, -0.958567, 0, 1, 0, 0.958567, 0, 0.284869, -27.2408, 0, 6.06727)

[node name="Tree_02-02_12" parent="." index="27" instance=ExtResource("4_r0tgw")]
transform = Transform3D(0.935722, 0, 0.35274, 0, 1, 0, -0.35274, 0, 0.935722, -25.8627, 0, -1.83778)

[node name="Tree_02-02_13" parent="." index="28" instance=ExtResource("4_r0tgw")]
transform = Transform3D(-0.503156, 0, 0.864196, 0, 1, 0, -0.864196, 0, -0.503156, 8.62296, 0, 1.82033)

[node name="Tree_02-02_14" parent="." index="29" instance=ExtResource("4_r0tgw")]
transform = Transform3D(-0.959319, 0, -0.282325, 0, 1, 0, 0.282325, 0, -0.959319, 21.0711, 0, -1.50171)

[node name="Tree_02-02_15" parent="." index="30" instance=ExtResource("4_r0tgw")]
transform = Transform3D(-0.959319, 0, -0.282325, 0, 1, 0, 0.282325, 0, -0.959319, 25.5206, 0, -8.39158)

[node name="Tree_02-02_16" parent="." index="31" instance=ExtResource("4_r0tgw")]
transform = Transform3D(-0.959319, 0, -0.282325, 0, 1, 0, 0.282325, 0, -0.959319, -5.23787, 0, 2.78669)

[node name="Tree_02-02_19" parent="." index="32" instance=ExtResource("4_r0tgw")]
transform = Transform3D(0.380312, 0, -0.924858, 0, 1, 0, 0.924858, 0, 0.380312, 2.03144, 0, 7.73025)

[node name="Tree_02-02_20" parent="." index="33" instance=ExtResource("4_r0tgw")]
transform = Transform3D(0.762894, 0, 0.646524, 0, 1, 0, -0.646524, 0, 0.762894, -0.245818, 0, 4.97495)

[node name="Tree_02-02_17" parent="." index="34" instance=ExtResource("4_r0tgw")]
transform = Transform3D(-0.913048, 0, -0.407852, 0, 1, 0, 0.407852, 0, -0.913048, 1.55557, 0, -7.3)

[node name="Tree_02-02_18" parent="." index="35" instance=ExtResource("4_r0tgw")]
transform = Transform3D(0.559988, 0, -0.8285, 0, 1, 0, 0.8285, 0, 0.559988, 7.78637, 0, -4.78823)

[node name="Tree_03-02_00" parent="." index="36" instance=ExtResource("4_qk177")]
transform = Transform3D(1, 0, 0, 0, 1, 0, 0, 0, 1, -17.387, 0, 7.34131)

[node name="Tree_03-02_01" parent="." index="37" instance=ExtResource("4_qk177")]
transform = Transform3D(0.612948, 0, -0.790123, 0, 1, 0, 0.790123, 0, 0.612948, -15.8786, -2.38419e-07, 3.72765)

[node name="Tree_03-02_02" parent="." index="38" instance=ExtResource("4_qk177")]
transform = Transform3D(-0.15321, 0, -0.988194, 0, 1, 0, 0.988194, 0, -0.15321, -19.6068, 0, -0.000219345)

[node name="Tree_03-02_03" parent="." index="39" instance=ExtResource("4_qk177")]
transform = Transform3D(0.944577, 0, 0.32829, 0, 1, 0, -0.32829, 0, 0.944577, -22.5643, 0, -2.52341)

[node name="Tree_03-02_04" parent="." index="40" instance=ExtResource("4_qk177")]
transform = Transform3D(1, 0, 0, 0, 1, 0, 0, 0, 1, -12.9606, 0, -7.56449)

[node name="Tree_03-02_05" parent="." index="41" instance=ExtResource("4_qk177")]
transform = Transform3D(1, 0, 0, 0, 1, 0, 0, 0, 1, -12.9506, 0, 0.833395)

[node name="Tree_03-02_06" parent="." index="42" instance=ExtResource("4_qk177")]
transform = Transform3D(0.960006, 0, -0.27998, 0, 1, 0, 0.27998, 0, 0.960006, -6.84415, 0, -0.42769)

[node name="Tree_03-02_07" parent="." index="43" instance=ExtResource("4_qk177")]
transform = Transform3D(0.0352483, 0, -0.999379, 0, 1, 0, 0.999379, 0, 0.0352483, -1.62026, 0, -1.65417)

[node name="Tree_03-02_08" parent="." index="44" instance=ExtResource("4_qk177")]
transform = Transform3D(0.294374, 0, 0.95569, 0, 1, 0, -0.95569, 0, 0.294374, -3.16736, 0, -6.13002)

[node name="Tree_03-02_09" parent="." index="45" instance=ExtResource("4_qk177")]
transform = Transform3D(0.553043, 0, 0.833153, 0, 1, 0, -0.833153, 0, 0.553043, 2.88778, -2.38419e-07, 0.631948)

[node name="Tree_03-02_10" parent="." index="46" instance=ExtResource("4_qk177")]
transform = Transform3D(-0.876517, 0, -0.481371, 0, 1, 0, 0.481371, 0, -0.876517, 3.54307, -2.38419e-07, 3.73231)

[node name="Tree_03-02_11" parent="." index="47" instance=ExtResource("4_qk177")]
transform = Transform3D(0.422334, 0, -0.90644, 0, 1, 0, 0.90644, 0, 0.422334, 5.81851, 4.76837e-07, 8.08921)

[node name="Tree_03-02_12" parent="." index="48" instance=ExtResource("4_qk177")]
transform = Transform3D(-0.509237, 0, -0.860627, 0, 1, 0, 0.860627, 0, -0.509237, 8.74421, 1.19209e-07, 5.86806)

[node name="Tree_03-02_13" parent="." index="49" instance=ExtResource("4_qk177")]
transform = Transform3D(1, 0, 0, 0, 1, 0, 0, 0, 1, 12.1297, -2.38419e-07, 3.62428)

[node name="Tree_03-02_14" parent="." index="50" instance=ExtResource("4_qk177")]
transform = Transform3D(-0.0960369, 0, 0.995378, 0, 1, 0, -0.995378, 0, -0.0960369, 20.836, -2.38419e-07, 3.69188)

[editable path="grass_01-01_00"]
