[gd_scene load_steps=5 format=3 uid="uid://ccp584s72h64w"]

[ext_resource type="PackedScene" uid="uid://7cd7bq27jnyj" path="res://Terrain/BASE_TERRAIN_BLOCKS/block_blank-grass.tscn" id="1_fmjkt"]
[ext_resource type="PackedScene" uid="uid://c1mgqdi4mt5o8" path="res://Objects/Foliage/Tree_03/Tree_03_00.tscn" id="3_460q4"]
[ext_resource type="PackedScene" uid="uid://cm61hhhqrodvc" path="res://Objects/Foliage/Tree_01/Tree_01-02_00.tscn" id="4_yahtq"]
[ext_resource type="PackedScene" uid="uid://c5g8y5bkmlflf" path="res://Objects/Foliage/Tree_02/Tree_02-02_00.tscn" id="4_yh5l6"]

[node name="Terrain_0" instance=ExtResource("1_fmjkt")]
is_type = 1

[node name="Tree_03_00" parent="." index="4" instance=ExtResource("3_460q4")]
transform = Transform3D(-1, 0, 8.74228e-08, 0, 1, 0, -8.74228e-08, 0, -1, -19.6406, 0, 0.0232019)

[node name="Tree_03_05" parent="." index="5" instance=ExtResource("3_460q4")]
transform = Transform3D(-0.258819, 0, -0.965926, 0, 1, 0, 0.965926, 0, -0.258819, 8.76798, 0, 5.82473)

[node name="Tree_03_06" parent="." index="6" instance=ExtResource("3_460q4")]
transform = Transform3D(-0.258819, 0, -0.965926, 0, 1, 0, 0.965926, 0, -0.258819, -12.982, 0, 0.824738)

[node name="Tree_03_01" parent="." index="7" instance=ExtResource("3_460q4")]
transform = Transform3D(-0.866025, 0, -0.5, 0, 1, 0, 0.5, 0, -0.866025, -17.3906, 0, 7.35333)

[node name="Tree_03_07" parent="." index="8" instance=ExtResource("3_460q4")]
transform = Transform3D(0.707107, 0, -0.707106, 0, 1, 0, 0.707106, 0, 0.707107, 2.85938, 0, 0.603332)

[node name="Tree_03_09" parent="." index="9" instance=ExtResource("3_460q4")]
transform = Transform3D(0.707107, 0, -0.707106, 0, 1, 0, 0.707106, 0, 0.707107, -1.64062, 0, -1.64667)

[node name="Tree_03_11" parent="." index="10" instance=ExtResource("3_460q4")]
transform = Transform3D(0.965926, 0, 0.258819, 0, 1, 0, -0.258819, 0, 0.965926, 5.85938, 0, 8.10333)

[node name="Tree_03_12" parent="." index="11" instance=ExtResource("3_460q4")]
transform = Transform3D(0.965926, 0, 0.258819, 0, 1, 0, -0.258819, 0, 0.965926, -6.85246, 0, -0.463084)

[node name="Tree_03_13" parent="." index="12" instance=ExtResource("3_460q4")]
transform = Transform3D(0.965926, 0, 0.258819, 0, 1, 0, -0.258819, 0, 0.965926, 3.55174, 0, 3.73344)

[node name="Tree_03_14" parent="." index="13" instance=ExtResource("3_460q4")]
transform = Transform3D(0.965926, 0, 0.258819, 0, 1, 0, -0.258819, 0, 0.965926, -15.8699, 0, 3.73344)

[node name="Tree_03_10" parent="." index="14" instance=ExtResource("3_460q4")]
transform = Transform3D(0.5, 0, 0.866025, 0, 1, 0, -0.866025, 0, 0.5, -12.8906, 0, -7.64667)

[node name="Tree_03_08" parent="." index="15" instance=ExtResource("3_460q4")]
transform = Transform3D(0.5, 0, 0.866025, 0, 1, 0, -0.866025, 0, 0.5, -3.14062, 0, -6.14667)

[node name="Tree_03_03" parent="." index="16" instance=ExtResource("3_460q4")]
transform = Transform3D(0.707107, 0, -0.707107, 0, 1, 0, 0.707107, 0, 0.707107, 20.8294, 0, 3.71394)

[node name="Tree_03_04" parent="." index="17" instance=ExtResource("3_460q4")]
transform = Transform3D(0.965926, 0, -0.258819, 0, 1, 0, 0.258819, 0, 0.965926, 12.1591, 0, 3.59878)

[node name="Tree_03_02" parent="." index="18" instance=ExtResource("3_460q4")]
transform = Transform3D(0.5, 0, -0.866025, 0, 1, 0, 0.866025, 0, 0.5, -22.5605, 0, -2.50789)

[node name="tree_01-03" parent="." index="19" instance=ExtResource("4_yahtq")]
transform = Transform3D(1, 0, 0, 0, 1, 0, 0, 0, 1, -23.25, 0, 7.75)

[node name="tree_01-04" parent="." index="20" instance=ExtResource("4_yahtq")]
transform = Transform3D(0.5, 0, 0.866025, 0, 1, 0, -0.866025, 0, 0.5, -27, 0, 1)

[node name="tree_01-05" parent="." index="21" instance=ExtResource("4_yahtq")]
transform = Transform3D(-0.258819, 0, 0.965926, 0, 1, 0, -0.965926, 0, -0.258819, -24.75, 0, -6.5)

[node name="tree_01-07" parent="." index="22" instance=ExtResource("4_yahtq")]
transform = Transform3D(-0.258819, 0, 0.965926, 0, 1, 0, -0.965926, 0, -0.258819, 10.5, 0, 7)

[node name="tree_01-08" parent="." index="23" instance=ExtResource("4_yahtq")]
transform = Transform3D(-0.866025, 0, 0.5, 0, 1, 0, -0.5, 0, -0.866025, 13.5, 0, -5.75)

[node name="tree_01-09" parent="." index="24" instance=ExtResource("4_yahtq")]
transform = Transform3D(-0.965926, 0, -0.258819, 0, 1, 0, 0.258819, 0, -0.965926, -15, 0, -1.25)

[node name="tree_01-10" parent="." index="25" instance=ExtResource("4_yahtq")]
transform = Transform3D(-0.5, 0, -0.866025, 0, 1, 0, 0.866025, 0, -0.5, -9.75, 0, 2.5)

[node name="tree_01-11" parent="." index="26" instance=ExtResource("4_yahtq")]
transform = Transform3D(2.98023e-08, 0, -1, 0, 1, 0, 1, 0, 2.98023e-08, 24, 0, 2.5)

[node name="tree_01-12" parent="." index="27" instance=ExtResource("4_yahtq")]
transform = Transform3D(2.98023e-08, 0, -1, 0, 1, 0, 1, 0, 2.98023e-08, 13.5, 0, -0.5)

[node name="tree_01-13" parent="." index="28" instance=ExtResource("4_yahtq")]
transform = Transform3D(0.5, 0, -0.866025, 0, 1, 0, 0.866025, 0, 0.5, 22.5, 0, -8)

[node name="tree_01-14" parent="." index="29" instance=ExtResource("4_yahtq")]
transform = Transform3D(0.5, 0, -0.866025, 0, 1, 0, 0.866025, 0, 0.5, 24.75, 0, 6.25)

[node name="tree_01-15" parent="." index="30" instance=ExtResource("4_yahtq")]
transform = Transform3D(0.866025, 0, -0.5, 0, 1, 0, 0.5, 0, 0.866025, 17.25, 0, 0.25)

[node name="tree_01-16" parent="." index="31" instance=ExtResource("4_yahtq")]
transform = Transform3D(0.965926, 0, 0.258819, 0, 1, 0, -0.258819, 0, 0.965926, 17.25, 0, 7)

[node name="tree_01-17" parent="." index="32" instance=ExtResource("4_yahtq")]
transform = Transform3D(0.965926, 0, 0.258819, 0, 1, 0, -0.258819, 0, 0.965926, 17.25, 0, -7.25)

[node name="tree_01-18" parent="." index="33" instance=ExtResource("4_yahtq")]
transform = Transform3D(0.965926, 0, 0.258819, 0, 1, 0, -0.258819, 0, 0.965926, 3, 0, -2.75)

[node name="tree_01-19" parent="." index="34" instance=ExtResource("4_yahtq")]
transform = Transform3D(0.5, 0, 0.866025, 0, 1, 0, -0.866025, 0, 0.5, -6.55541, 0, 8.5)

[node name="tree_01-06" parent="." index="35" instance=ExtResource("4_yahtq")]
transform = Transform3D(-5.96046e-08, 0, 1, 0, 1, 0, -1, 0, -5.96046e-08, -8.25, 0, -6.5)

[node name="Tree_02-02_06" parent="." index="36" instance=ExtResource("4_yh5l6")]
transform = Transform3D(0.707107, 0, 0.707107, 0, 1, 0, -0.707107, 0, 0.707107, 22.0946, 0, 7.95309)

[node name="Tree_02-02_07" parent="." index="37" instance=ExtResource("4_yh5l6")]
transform = Transform3D(-0.146808, 0, 0.989165, 0, 1, 0, -0.989165, 0, -0.146808, 13.8583, 0, 5.86178)

[node name="Tree_02-02_08" parent="." index="38" instance=ExtResource("4_yh5l6")]
transform = Transform3D(-0.937379, 0, 0.34831, 0, 1, 0, -0.34831, 0, -0.937379, -20.7806, 0, 5.86178)

[node name="Tree_02-02_09" parent="." index="39" instance=ExtResource("4_yh5l6")]
transform = Transform3D(-0.937379, 0, 0.34831, 0, 1, 0, -0.34831, 0, -0.937379, -18.7544, 0, -7.84649)

[node name="Tree_02-02_10" parent="." index="40" instance=ExtResource("4_yh5l6")]
transform = Transform3D(-0.937379, 0, 0.34831, 0, 1, 0, -0.34831, 0, -0.937379, -12.3945, 0, 8.22885)

[node name="Tree_02-02_11" parent="." index="41" instance=ExtResource("4_yh5l6")]
transform = Transform3D(0.284869, 0, -0.958567, 0, 1, 0, 0.958567, 0, 0.284869, -27.2408, 0, 6.06727)

[node name="Tree_02-02_12" parent="." index="42" instance=ExtResource("4_yh5l6")]
transform = Transform3D(0.935722, 0, 0.35274, 0, 1, 0, -0.35274, 0, 0.935722, -25.8627, 0, -1.83778)

[node name="Tree_02-02_13" parent="." index="43" instance=ExtResource("4_yh5l6")]
transform = Transform3D(-0.503156, 0, 0.864196, 0, 1, 0, -0.864196, 0, -0.503156, 8.62296, 0, 1.82033)

[node name="Tree_02-02_14" parent="." index="44" instance=ExtResource("4_yh5l6")]
transform = Transform3D(-0.959319, 0, -0.282325, 0, 1, 0, 0.282325, 0, -0.959319, 21.0711, 0, -1.50171)

[node name="Tree_02-02_15" parent="." index="45" instance=ExtResource("4_yh5l6")]
transform = Transform3D(-0.959319, 0, -0.282325, 0, 1, 0, 0.282325, 0, -0.959319, 25.5206, 0, -8.39158)

[node name="Tree_02-02_16" parent="." index="46" instance=ExtResource("4_yh5l6")]
transform = Transform3D(-0.959319, 0, -0.282325, 0, 1, 0, 0.282325, 0, -0.959319, -5.23787, 0, 2.78669)

[node name="Tree_02-02_19" parent="." index="47" instance=ExtResource("4_yh5l6")]
transform = Transform3D(0.380312, 0, -0.924858, 0, 1, 0, 0.924858, 0, 0.380312, 2.03144, 0, 7.73025)

[node name="Tree_02-02_20" parent="." index="48" instance=ExtResource("4_yh5l6")]
transform = Transform3D(0.762894, 0, 0.646524, 0, 1, 0, -0.646524, 0, 0.762894, -0.245818, 0, 4.97495)

[node name="Tree_02-02_17" parent="." index="49" instance=ExtResource("4_yh5l6")]
transform = Transform3D(-0.913048, 0, -0.407852, 0, 1, 0, 0.407852, 0, -0.913048, 1.55557, 0, -7.3)

[node name="Tree_02-02_18" parent="." index="50" instance=ExtResource("4_yh5l6")]
transform = Transform3D(0.559988, 0, -0.8285, 0, 1, 0, 0.8285, 0, 0.559988, 7.78637, 0, -4.78823)
