[gd_scene load_steps=4 format=3 uid="uid://ejxdxlrj4jsy"]

[ext_resource type="PackedScene" uid="uid://7cd7bq27jnyj" path="res://Terrain/BASE_TERRAIN_BLOCKS/block_blank-grass.tscn" id="1_tw3rg"]
[ext_resource type="PackedScene" uid="uid://0sdt50wuw41u" path="res://Objects/Foliage/Tree_02/Tree_02_00.tscn" id="3_raimb"]
[ext_resource type="PackedScene" uid="uid://c1mgqdi4mt5o8" path="res://Objects/Foliage/Tree_03/Tree_03_00.tscn" id="4_lxoqe"]

[node name="Terrain_0" instance=ExtResource("1_tw3rg")]
is_type = 1

[node name="Tree_02_00" parent="." index="4" instance=ExtResource("3_raimb")]
transform = Transform3D(-1, 0, 8.74228e-08, 0, 1, 0, -8.74228e-08, 0, -1, -20.1406, 0, -6.9768)

[node name="Tree_02_01" parent="." index="5" instance=ExtResource("3_raimb")]
transform = Transform3D(0.866025, 0, -0.5, 0, 1, 0, 0.5, 0, 0.866025, -8.64062, 0, -2.7268)

[node name="Tree_02_02" parent="." index="6" instance=ExtResource("3_raimb")]
transform = Transform3D(0.866025, 0, -0.5, 0, 1, 0, 0.5, 0, 0.866025, 0.359385, 0, 4.0232)

[node name="Tree_02_03" parent="." index="7" instance=ExtResource("3_raimb")]
transform = Transform3D(0.866025, 0, 0.5, 0, 1, 0, -0.5, 0, 0.866025, -21.5999, 0, 4.07543)

[node name="Tree_03_00" parent="." index="8" instance=ExtResource("4_lxoqe")]
transform = Transform3D(-1, 0, 8.74228e-08, 0, 1, 0, -8.74228e-08, 0, -1, -22.6406, 0, -1.4768)

[node name="Tree_02_08" parent="." index="9" instance=ExtResource("3_raimb")]
transform = Transform3D(-0.258819, 0, -0.965926, 0, 1, 0, 0.965926, 0, -0.258819, 18.0119, 0, -5.17676)

[node name="Tree_02_09" parent="." index="10" instance=ExtResource("3_raimb")]
transform = Transform3D(-0.5, 0, 0.866025, 0, 1, 0, -0.866025, 0, -0.5, 14.193, 0, -8.8504)

[node name="Tree_02_10" parent="." index="11" instance=ExtResource("3_raimb")]
transform = Transform3D(0.707107, 0, 0.707107, 0, 1, 0, -0.707107, 0, 0.707107, 5.44309, 0, 3.6496)

[node name="Tree_02_15" parent="." index="12" instance=ExtResource("3_raimb")]
transform = Transform3D(0.707107, 0, 0.707107, 0, 1, 0, -0.707107, 0, 0.707107, 8.44308, 0, 7.3996)

[node name="Tree_02_14" parent="." index="13" instance=ExtResource("3_raimb")]
transform = Transform3D(-0.707107, 0, 0.707107, 0, 1, 0, -0.707107, 0, -0.707107, 17.4431, 0, 2.8996)

[node name="Tree_02_11" parent="." index="14" instance=ExtResource("3_raimb")]
transform = Transform3D(-0.258819, 0, 0.965926, 0, 1, 0, -0.965926, 0, -0.258819, 12.1064, 0, -3.909)

[node name="Tree_03_05" parent="." index="15" instance=ExtResource("4_lxoqe")]
transform = Transform3D(-0.258819, 0, -0.965926, 0, 1, 0, 0.965926, 0, -0.258819, 11.018, 0, 3.57473)

[node name="Tree_03_06" parent="." index="16" instance=ExtResource("4_lxoqe")]
transform = Transform3D(-0.258819, 0, -0.965926, 0, 1, 0, 0.965926, 0, -0.258819, -12.982, 0, 0.824738)

[node name="Tree_03_14" parent="." index="17" instance=ExtResource("4_lxoqe")]
transform = Transform3D(-0.258819, 0, -0.965926, 0, 1, 0, 0.965926, 0, -0.258819, -3.23198, 0, 3.82474)

[node name="Tree_03_01" parent="." index="18" instance=ExtResource("4_lxoqe")]
transform = Transform3D(-0.866025, 0, -0.5, 0, 1, 0, 0.5, 0, -0.866025, -17.3906, 0, -0.896668)

[node name="Tree_03_12" parent="." index="19" instance=ExtResource("4_lxoqe")]
transform = Transform3D(0.707106, 0, 0.707107, 0, 1, 0, -0.707107, 0, 0.707106, -15.8906, 0, -4.64667)

[node name="Tree_03_07" parent="." index="20" instance=ExtResource("4_lxoqe")]
transform = Transform3D(0.707107, 0, -0.707106, 0, 1, 0, 0.707106, 0, 0.707107, 2.85938, 0, 0.603332)

[node name="Tree_03_13" parent="." index="21" instance=ExtResource("4_lxoqe")]
transform = Transform3D(0.707107, 0, -0.707106, 0, 1, 0, 0.707106, 0, 0.707107, 14.8594, 0, -2.39667)

[node name="Tree_03_09" parent="." index="22" instance=ExtResource("4_lxoqe")]
transform = Transform3D(0.707107, 0, -0.707106, 0, 1, 0, 0.707106, 0, 0.707107, 0.609383, 0, 8.10333)

[node name="Tree_03_11" parent="." index="23" instance=ExtResource("4_lxoqe")]
transform = Transform3D(0.965926, 0, 0.258819, 0, 1, 0, -0.258819, 0, 0.965926, 17.1094, 0, 0.603332)

[node name="Tree_03_10" parent="." index="24" instance=ExtResource("4_lxoqe")]
transform = Transform3D(0.5, 0, 0.866025, 0, 1, 0, -0.866025, 0, 0.5, -12.8906, 0, -7.64667)

[node name="Tree_03_08" parent="." index="25" instance=ExtResource("4_lxoqe")]
transform = Transform3D(0.5, 0, 0.866025, 0, 1, 0, -0.866025, 0, 0.5, -3.14062, 0, -7.64667)

[node name="Tree_03_15" parent="." index="26" instance=ExtResource("4_lxoqe")]
transform = Transform3D(0.5, 0, 0.866025, 0, 1, 0, -0.866025, 0, 0.5, 3.60938, 0, -7.64667)

[node name="Tree_02_04" parent="." index="27" instance=ExtResource("3_raimb")]
transform = Transform3D(0.707107, 0, -0.707107, 0, 1, 0, 0.707107, 0, 0.707107, -3.84002, 0, 7.86559)

[node name="Tree_02_13" parent="." index="28" instance=ExtResource("3_raimb")]
transform = Transform3D(0.707107, 0, -0.707107, 0, 1, 0, 0.707107, 0, 0.707107, -26.34, 0, 6.36559)

[node name="Tree_02_05" parent="." index="29" instance=ExtResource("3_raimb")]
transform = Transform3D(-0.258819, 0, 0.965926, 0, 1, 0, -0.965926, 0, -0.258819, -13.0649, 0, 8.80493)

[node name="Tree_02_12" parent="." index="30" instance=ExtResource("3_raimb")]
transform = Transform3D(-0.965926, 0, 0.258819, 0, 1, 0, -0.258819, 0, -0.965926, -4.81488, 0, 0.554933)

[node name="Tree_02_06" parent="." index="31" instance=ExtResource("3_raimb")]
transform = Transform3D(-0.258819, 0, 0.965926, 0, 1, 0, -0.965926, 0, -0.258819, -18.0649, 0, 7.55493)

[node name="Tree_02_07" parent="." index="32" instance=ExtResource("3_raimb")]
transform = Transform3D(-0.965926, 0, 0.258819, 0, 1, 0, -0.258819, 0, -0.965926, 9.27168, 0, -6.97529)

[node name="Tree_03_03" parent="." index="33" instance=ExtResource("4_lxoqe")]
transform = Transform3D(0.707107, 0, -0.707107, 0, 1, 0, 0.707107, 0, 0.707107, 20.8294, 0, 3.71394)

[node name="Tree_03_04" parent="." index="34" instance=ExtResource("4_lxoqe")]
transform = Transform3D(0.965926, 0, -0.258819, 0, 1, 0, 0.258819, 0, 0.965926, 13.6591, 0, 0.598783)

[node name="Tree_03_02" parent="." index="35" instance=ExtResource("4_lxoqe")]
transform = Transform3D(0.5, 0, -0.866025, 0, 1, 0, 0.866025, 0, 0.5, -12.0605, 0, -2.50789)
