[gd_scene load_steps=5 format=3 uid="uid://cs8oeagfbc7rf"]

[ext_resource type="PackedScene" uid="uid://7cd7bq27jnyj" path="res://Terrain/BASE_TERRAIN_BLOCKS/block_blank-grass.tscn" id="1_vqvdq"]
[ext_resource type="PackedScene" uid="uid://c4gt8ofayu0ec" path="res://Objects/Foliage/Tree_01/Tree_01_00.tscn" id="2_au376"]
[ext_resource type="PackedScene" uid="uid://0sdt50wuw41u" path="res://Objects/Foliage/Tree_02/Tree_02_00.tscn" id="3_pnlst"]
[ext_resource type="PackedScene" uid="uid://c1mgqdi4mt5o8" path="res://Objects/Foliage/Tree_03/Tree_03_00.tscn" id="4_mf1l2"]

[node name="Terrain_0" instance=ExtResource("1_vqvdq")]
is_type = 1

[node name="Tree_01_00" parent="." index="4" instance=ExtResource("2_au376")]
transform = Transform3D(-0.5, 0, -0.866025, 0, 1, 0, 0.866025, 0, -0.5, -16.9756, 0, -2.2268)

[node name="Tree_01_01" parent="." index="5" instance=ExtResource("2_au376")]
transform = Transform3D(0.5, 0, -0.866025, 0, 1, 0, 0.866025, 0, 0.5, -25.8236, 0, -5.59283)

[node name="Tree_01_02" parent="." index="6" instance=ExtResource("2_au376")]
transform = Transform3D(0.984808, 0, -0.173648, 0, 1, 0, 0.173648, 0, 0.984808, -24.7387, 0, 0.737303)

[node name="Tree_01_17" parent="." index="7" instance=ExtResource("2_au376")]
transform = Transform3D(0.642788, 0, 0.766045, 0, 1, 0, -0.766045, 0, 0.642788, -20.9887, 0, 8.2373)

[node name="Tree_02_00" parent="." index="8" instance=ExtResource("3_pnlst")]
transform = Transform3D(-1, 0, 8.74228e-08, 0, 1, 0, -8.74228e-08, 0, -1, -20.1406, 0, -6.9768)

[node name="Tree_02_01" parent="." index="9" instance=ExtResource("3_pnlst")]
transform = Transform3D(0.866025, 0, -0.5, 0, 1, 0, 0.5, 0, 0.866025, -9.39062, 0, -2.7268)

[node name="Tree_02_02" parent="." index="10" instance=ExtResource("3_pnlst")]
transform = Transform3D(0.866025, 0, -0.5, 0, 1, 0, 0.5, 0, 0.866025, -2.64062, 0, 4.0232)

[node name="Tree_02_03" parent="." index="11" instance=ExtResource("3_pnlst")]
transform = Transform3D(0.866025, 0, 0.5, 0, 1, 0, -0.5, 0, 0.866025, -21.5999, 0, 4.07543)

[node name="Tree_03_00" parent="." index="12" instance=ExtResource("4_mf1l2")]
transform = Transform3D(-1, 0, 8.74228e-08, 0, 1, 0, -8.74228e-08, 0, -1, -19.6406, 0, 0.0232019)

[node name="Tree_01_06" parent="." index="13" instance=ExtResource("2_au376")]
transform = Transform3D(0.965926, 0, 0.258819, 0, 1, 0, -0.258819, 0, 0.965926, 12.0131, 0, -7.04809)

[node name="Tree_01_07" parent="." index="14" instance=ExtResource("2_au376")]
transform = Transform3D(0.422618, 0, 0.906308, 0, 1, 0, -0.906308, 0, 0.422618, 10.9898, 0, 8.32263)

[node name="Tree_01_08" parent="." index="15" instance=ExtResource("2_au376")]
transform = Transform3D(-0.573577, 0, 0.819152, 0, 1, 0, -0.819152, 0, -0.573577, 15.4898, 0, -1.42737)

[node name="Tree_01_11" parent="." index="16" instance=ExtResource("2_au376")]
transform = Transform3D(-0.965926, 0, -0.258819, 0, 1, 0, 0.258819, 0, -0.965926, 19.2398, 0, 7.57263)

[node name="Tree_01_13" parent="." index="17" instance=ExtResource("2_au376")]
transform = Transform3D(-0.965926, 0, -0.258819, 0, 1, 0, 0.258819, 0, -0.965926, 25.2398, 0, 4.57263)

[node name="Tree_01_14" parent="." index="18" instance=ExtResource("2_au376")]
transform = Transform3D(-0.707107, 0, 0.707107, 0, 1, 0, -0.707107, 0, -0.707107, 24.4898, 0, 8.32263)

[node name="Tree_01_15" parent="." index="19" instance=ExtResource("2_au376")]
transform = Transform3D(-0.5, 0, -0.866025, 0, 1, 0, 0.866025, 0, -0.5, 28.2398, 0, -8.92737)

[node name="Tree_01_16" parent="." index="20" instance=ExtResource("2_au376")]
transform = Transform3D(-0.5, 0, -0.866025, 0, 1, 0, 0.866025, 0, -0.5, 26.7398, 0, -3.67737)

[node name="Tree_01_09" parent="." index="21" instance=ExtResource("2_au376")]
transform = Transform3D(-0.906308, 0, -0.422618, 0, 1, 0, 0.422618, 0, -0.906308, 21.4898, 0, -2.92737)

[node name="Tree_01_12" parent="." index="22" instance=ExtResource("2_au376")]
transform = Transform3D(0.173648, 0, -0.984808, 0, 1, 0, 0.984808, 0, 0.173648, 13.7398, 0, 7.32263)

[node name="Tree_01_10" parent="." index="23" instance=ExtResource("2_au376")]
transform = Transform3D(-0.0871557, 0, -0.996195, 0, 1, 0, 0.996195, 0, -0.0871557, 19.2398, 0, -8.92737)

[node name="Tree_02_08" parent="." index="24" instance=ExtResource("3_pnlst")]
transform = Transform3D(-0.258819, 0, -0.965926, 0, 1, 0, 0.965926, 0, -0.258819, 24.0119, 0, 0.073236)

[node name="Tree_02_09" parent="." index="25" instance=ExtResource("3_pnlst")]
transform = Transform3D(-0.5, 0, 0.866025, 0, 1, 0, -0.866025, 0, -0.5, 2.19305, 0, -8.8504)

[node name="Tree_02_10" parent="." index="26" instance=ExtResource("3_pnlst")]
transform = Transform3D(0.707107, 0, 0.707107, 0, 1, 0, -0.707107, 0, 0.707107, 5.44309, 0, 3.6496)

[node name="Tree_02_11" parent="." index="27" instance=ExtResource("3_pnlst")]
transform = Transform3D(-0.258819, 0, 0.965926, 0, 1, 0, -0.965926, 0, -0.258819, 6.10639, 0, -3.909)

[node name="Tree_03_05" parent="." index="28" instance=ExtResource("4_mf1l2")]
transform = Transform3D(-0.258819, 0, -0.965926, 0, 1, 0, 0.965926, 0, -0.258819, 8.76798, 0, 5.82473)

[node name="Tree_03_06" parent="." index="29" instance=ExtResource("4_mf1l2")]
transform = Transform3D(-0.258819, 0, -0.965926, 0, 1, 0, 0.965926, 0, -0.258819, -12.982, 0, 0.824738)

[node name="Tree_03_01" parent="." index="30" instance=ExtResource("4_mf1l2")]
transform = Transform3D(-0.866025, 0, -0.5, 0, 1, 0, 0.5, 0, -0.866025, -17.3906, 0, 7.35333)

[node name="Tree_03_07" parent="." index="31" instance=ExtResource("4_mf1l2")]
transform = Transform3D(0.707107, 0, -0.707106, 0, 1, 0, 0.707106, 0, 0.707107, 2.85938, 0, 0.603332)

[node name="Tree_03_09" parent="." index="32" instance=ExtResource("4_mf1l2")]
transform = Transform3D(0.707107, 0, -0.707106, 0, 1, 0, 0.707106, 0, 0.707107, -1.64062, 0, -1.64667)

[node name="Tree_03_11" parent="." index="33" instance=ExtResource("4_mf1l2")]
transform = Transform3D(0.965926, 0, 0.258819, 0, 1, 0, -0.258819, 0, 0.965926, 5.85938, 0, 8.10333)

[node name="Tree_03_10" parent="." index="34" instance=ExtResource("4_mf1l2")]
transform = Transform3D(0.5, 0, 0.866025, 0, 1, 0, -0.866025, 0, 0.5, -12.8906, 0, -7.64667)

[node name="Tree_03_08" parent="." index="35" instance=ExtResource("4_mf1l2")]
transform = Transform3D(0.5, 0, 0.866025, 0, 1, 0, -0.866025, 0, 0.5, -3.14062, 0, -6.14667)

[node name="Tree_01_03" parent="." index="36" instance=ExtResource("2_au376")]
transform = Transform3D(0.965926, 0, 0.258819, 0, 1, 0, -0.258819, 0, 0.965926, 9.01298, 0, 1.16524)

[node name="Tree_01_04" parent="." index="37" instance=ExtResource("2_au376")]
transform = Transform3D(0.258819, 0, 0.965926, 0, 1, 0, -0.965926, 0, 0.258819, -8.42652, 0, 3.57184)

[node name="Tree_01_05" parent="." index="38" instance=ExtResource("2_au376")]
transform = Transform3D(-0.573577, 0, 0.819152, 0, 1, 0, -0.819152, 0, -0.573577, 16.7824, 0, 4.38926)

[node name="Tree_02_04" parent="." index="39" instance=ExtResource("3_pnlst")]
transform = Transform3D(0.707107, 0, -0.707107, 0, 1, 0, 0.707107, 0, 0.707107, -5.34002, 0, 6.36559)

[node name="Tree_02_13" parent="." index="40" instance=ExtResource("3_pnlst")]
transform = Transform3D(0.707107, 0, -0.707107, 0, 1, 0, 0.707107, 0, 0.707107, -26.34, 0, 6.36559)

[node name="Tree_02_05" parent="." index="41" instance=ExtResource("3_pnlst")]
transform = Transform3D(-0.258819, 0, 0.965926, 0, 1, 0, -0.965926, 0, -0.258819, -12.3149, 0, 8.05493)

[node name="Tree_02_12" parent="." index="42" instance=ExtResource("3_pnlst")]
transform = Transform3D(-0.965926, 0, 0.258819, 0, 1, 0, -0.258819, 0, -0.965926, -4.81488, 0, 0.554933)

[node name="Tree_02_06" parent="." index="43" instance=ExtResource("3_pnlst")]
transform = Transform3D(-0.258819, 0, 0.965926, 0, 1, 0, -0.965926, 0, -0.258819, -15.8149, 0, 4.55493)

[node name="Tree_02_07" parent="." index="44" instance=ExtResource("3_pnlst")]
transform = Transform3D(-0.965926, 0, 0.258819, 0, 1, 0, -0.258819, 0, -0.965926, 0.271684, 0, 8.77471)

[node name="Tree_03_03" parent="." index="45" instance=ExtResource("4_mf1l2")]
transform = Transform3D(0.707107, 0, -0.707107, 0, 1, 0, 0.707107, 0, 0.707107, 20.8294, 0, 3.71394)

[node name="Tree_03_04" parent="." index="46" instance=ExtResource("4_mf1l2")]
transform = Transform3D(0.965926, 0, -0.258819, 0, 1, 0, 0.258819, 0, 0.965926, 12.1591, 0, 3.59878)

[node name="Tree_03_02" parent="." index="47" instance=ExtResource("4_mf1l2")]
transform = Transform3D(0.5, 0, -0.866025, 0, 1, 0, 0.866025, 0, 0.5, -22.5605, 0, -2.50789)
