[gd_scene load_steps=7 format=3 uid="uid://dsu55dxdlbpm"]

[ext_resource type="PackedScene" uid="uid://b31bi8ri5wql0" path="res://Terrain/Cliffs/cliff_front_01.tscn" id="1_bkw35"]
[ext_resource type="PackedScene" uid="uid://c4gt8ofayu0ec" path="res://Objects/Foliage/Tree_01/Tree_01_00.tscn" id="2_1qcmc"]

[sub_resource type="PlaneMesh" id="PlaneMesh_wnprt"]
size = Vector2(100, 20)

[sub_resource type="StandardMaterial3D" id="StandardMaterial3D_tmqub"]
albedo_color = Color(0.0156863, 0.235294, 0.101961, 1)

[sub_resource type="ConcavePolygonShape3D" id="ConcavePolygonShape3D_gjw30"]
data = PackedVector3Array(50, 0, 10, -50, 0, 10, 50, 0, -10, -50, 0, 10, -50, 0, -10, 50, 0, -10)

[sub_resource type="ConvexPolygonShape3D" id="ConvexPolygonShape3D_qwi2u"]
points = PackedVector3Array(-5.99455, -71.0009, -8.31296, -6.39667, -70.7782, -8.31296, -5.80767, 7.41876, -8.32274, -3.38274, 7.41876, -8.30318, -3.34691, 7.46485, 11.6602, -5.99455, -71.0009, 91.582, -6.39667, -2.12064, -8.31296, -6.39667, -70.7782, 91.582, -6.29546, 7.45717, 11.6406, -3.34691, 7.46485, 91.6015, -6.39667, -2.12064, 91.582, -6.29546, 7.45717, 91.5722)

[node name="Terrain_0" type="MeshInstance3D"]
transform = Transform3D(1, 0, 0, 0, 1, 0, 0, 0, 1, 0, 0, -7)
mesh = SubResource("PlaneMesh_wnprt")
surface_material_override/0 = SubResource("StandardMaterial3D_tmqub")

[node name="Ground" type="StaticBody3D" parent="."]
collision_mask = 0

[node name="CollisionShape3D" type="CollisionShape3D" parent="Ground"]
transform = Transform3D(1, 0, 0, 0, 1, 0, 0, 0, 1, 0, 0, 0.013)
shape = SubResource("ConcavePolygonShape3D_gjw30")

[node name="Col_Cliff-Front" type="CollisionShape3D" parent="Ground"]
transform = Transform3D(0, 0, -1, 0, 1, 0, 1, 0, 0, 41.6496, -7.7, 13.3291)
shape = SubResource("ConvexPolygonShape3D_qwi2u")

[node name="cliff_front_01" parent="." instance=ExtResource("1_bkw35")]
transform = Transform3D(1, 0, 0, 0, 1, 0, 0, 0, 1, 0.658, -7.495, 21.33)

[node name="Tree_01_00" parent="." instance=ExtResource("2_1qcmc")]
transform = Transform3D(1, 0, 0, 0, 1, 0, 0, 0, 1, -5.29252, 0, -0.173407)

[node name="Tree_01_01" parent="." instance=ExtResource("2_1qcmc")]
transform = Transform3D(-0.54578, 0, 0.837928, 0, 1, 0, -0.837928, 0, -0.54578, 3.54909, 0, -0.173407)

[node name="Tree_01_02" parent="." instance=ExtResource("2_1qcmc")]
transform = Transform3D(-0.974335, 0, -0.225104, 0, 1, 0, 0.225104, 0, -0.974335, -3.48102, 0, 4.26886)

[node name="Tree_01_03" parent="." instance=ExtResource("2_1qcmc")]
transform = Transform3D(-0.974335, 0, -0.225104, 0, 1, 0, 0.225104, 0, -0.974335, 5.0566, 0, 4.26886)

[node name="Tree_01_05" parent="." instance=ExtResource("2_1qcmc")]
transform = Transform3D(-0.0101402, 0, -0.999949, 0, 1, 0, 0.999949, 0, -0.0101402, 15.7963, 0, 4.26886)

[node name="Tree_01_06" parent="." instance=ExtResource("2_1qcmc")]
transform = Transform3D(0.999199, 0, 0.0400098, 0, 1, 0, -0.0400098, 0, 0.999199, 9.94179, 0, 7.61389)

[node name="Tree_01_07" parent="." instance=ExtResource("2_1qcmc")]
transform = Transform3D(0.999199, 0, 0.0400098, 0, 1, 0, -0.0400098, 0, 0.999199, 9.94179, 0, -2.89141)

[node name="Tree_01_08" parent="." instance=ExtResource("2_1qcmc")]
transform = Transform3D(0.360892, 0, 0.932608, 0, 1, 0, -0.932608, 0, 0.360892, -11.611, 0, -2.89141)

[node name="Tree_01_12" parent="." instance=ExtResource("2_1qcmc")]
transform = Transform3D(0.360892, 0, 0.932608, 0, 1, 0, -0.932608, 0, 0.360892, -11.611, 0, 6.37175)

[node name="Tree_01_13" parent="." instance=ExtResource("2_1qcmc")]
transform = Transform3D(-0.267289, 0, 0.963617, 0, 1, 0, -0.963617, 0, -0.267289, -17.0492, 0, 0.540966)

[node name="Tree_01_14" parent="." instance=ExtResource("2_1qcmc")]
transform = Transform3D(-0.935401, 0, -0.353589, 0, 1, 0, 0.353589, 0, -0.935401, 13.0947, 0, -0.951785)

[node name="Tree_01_15" parent="." instance=ExtResource("2_1qcmc")]
transform = Transform3D(-0.935401, 0, -0.353589, 0, 1, 0, 0.353589, 0, -0.935401, 17.7882, 0, -3.13541)

[node name="Tree_01_16" parent="." instance=ExtResource("2_1qcmc")]
transform = Transform3D(-0.559728, 0, -0.828676, 0, 1, 0, 0.828676, 0, -0.559728, -3.3903, 0, -6.15769)

[node name="Tree_01_17" parent="." instance=ExtResource("2_1qcmc")]
transform = Transform3D(-0.22, 0, -0.9755, 0, 1, 0, 0.9755, 0, -0.22, -16.6822, 0, -6.15769)

[node name="Tree_01_18" parent="." instance=ExtResource("2_1qcmc")]
transform = Transform3D(0.890578, 0, -0.45483, 0, 1, 0, 0.45483, 0, 0.890578, 26.6745, 0, -6.15769)

[node name="Tree_01_09" parent="." instance=ExtResource("2_1qcmc")]
transform = Transform3D(0.360892, 0, 0.932608, 0, 1, 0, -0.932608, 0, 0.360892, -1.64469, 0, 8.11974)

[node name="Tree_01_10" parent="." instance=ExtResource("2_1qcmc")]
transform = Transform3D(-0.720769, 0, 0.693176, 0, 1, 0, -0.693176, 0, -0.720769, 4.47394, 0, 8.11974)

[node name="Tree_01_11" parent="." instance=ExtResource("2_1qcmc")]
transform = Transform3D(-0.720769, 0, 0.693176, 0, 1, 0, -0.693176, 0, -0.720769, 0.447916, 0, -4.73608)

[node name="Tree_01_04" parent="." instance=ExtResource("2_1qcmc")]
transform = Transform3D(0.233106, 0, -0.972452, 0, 1, 0, 0.972452, 0, 0.233106, -7.8092, 0, 5.67047)

[node name="Tree_01_19" parent="." instance=ExtResource("2_1qcmc")]
transform = Transform3D(0.977005, 0, 0.213218, 0, 1, 0, -0.213218, 0, 0.977005, 9.24772, 0, 2.80215)

[node name="Tree_01_20" parent="." instance=ExtResource("2_1qcmc")]
transform = Transform3D(0.271827, 0, 0.962346, 0, 1, 0, -0.962346, 0, 0.271827, -1.316, 0, -0.0566907)

[node name="Tree_01_21" parent="." instance=ExtResource("2_1qcmc")]
transform = Transform3D(-0.571831, 0, 0.820372, 0, 1, 0, -0.820372, 0, -0.571831, -12.7412, 0, -0.0566907)

[node name="Tree_01_22" parent="." instance=ExtResource("2_1qcmc")]
transform = Transform3D(-0.571831, 0, 0.820372, 0, 1, 0, -0.820372, 0, -0.571831, -15.1725, 0, 8.05309)

[node name="Tree_01_23" parent="." instance=ExtResource("2_1qcmc")]
transform = Transform3D(-0.829164, 0, -0.559005, 0, 1, 0, 0.559005, 0, -0.829164, 14.5444, 0, 8.05309)

[node name="Tree_01_24" parent="." instance=ExtResource("2_1qcmc")]
transform = Transform3D(-0.336734, 0, -0.9416, 0, 1, 0, 0.9416, 0, -0.336734, -4.72245, 0, 8.49307)

[node name="Tree_01_25" parent="." instance=ExtResource("2_1qcmc")]
transform = Transform3D(-0.336734, 0, -0.9416, 0, 1, 0, 0.9416, 0, -0.336734, -7.55394, 0, -3.87281)

[node name="Tree_01_26" parent="." instance=ExtResource("2_1qcmc")]
transform = Transform3D(-0.336734, 0, -0.9416, 0, 1, 0, 0.9416, 0, -0.336734, 6.7498, 0, -5.41276)

[node name="Tree_01_27" parent="." instance=ExtResource("2_1qcmc")]
transform = Transform3D(-0.336734, 0, -0.9416, 0, 1, 0, 0.9416, 0, -0.336734, 21.3181, 0, -5.41276)
