[gd_scene load_steps=8 format=3 uid="uid://c7wnh5ebskawe"]

[ext_resource type="PackedScene" uid="uid://b31bi8ri5wql0" path="res://Terrain/Cliffs/cliff_front_01.tscn" id="1_s4e1d"]
[ext_resource type="PackedScene" uid="uid://dxjkdmi6v6583" path="res://Objects/Buildings/Barns/Cow_Barn_01/Cow-Barn_01-02_00.tscn" id="2_ah7l2"]
[ext_resource type="PackedScene" uid="uid://caxqah3ilcvfy" path="res://NPCs/Cows/Cow_01-03_00.tscn" id="3_hkm1l"]

[sub_resource type="PlaneMesh" id="PlaneMesh_wnprt"]
size = Vector2(100, 20)

[sub_resource type="StandardMaterial3D" id="StandardMaterial3D_tmqub"]
albedo_color = Color(0.0156863, 0.235294, 0.101961, 1)

[sub_resource type="ConcavePolygonShape3D" id="ConcavePolygonShape3D_gjw30"]
data = PackedVector3Array(50, 0, 10, -50, 0, 10, 50, 0, -10, -50, 0, 10, -50, 0, -10, 50, 0, -10)

[sub_resource type="ConvexPolygonShape3D" id="ConvexPolygonShape3D_qwi2u"]
points = PackedVector3Array(-5.99455, -71.0009, -8.31296, -6.39667, -70.7782, -8.31296, -5.80767, 7.41876, -8.32274, -3.38274, 7.41876, -8.30318, -3.34691, 7.46485, 11.6602, -5.99455, -71.0009, 91.582, -6.39667, -2.12064, -8.31296, -6.39667, -70.7782, 91.582, -6.29546, 7.45717, 11.6406, -3.34691, 7.46485, 91.6015, -6.39667, -2.12064, 91.582, -6.29546, 7.45717, 91.5722)

[node name="Terrain_0" type="MeshInstance3D"]
transform = Transform3D(1, 0, 0, 0, 1, 0, 0, 0, 1, 0, 0, -7)
mesh = SubResource("PlaneMesh_wnprt")
surface_material_override/0 = SubResource("StandardMaterial3D_tmqub")

[node name="Ground" type="StaticBody3D" parent="."]
collision_mask = 0

[node name="CollisionShape3D" type="CollisionShape3D" parent="Ground"]
transform = Transform3D(1, 0, 0, 0, 1, 0, 0, 0, 1, 0, 0, 0.013)
shape = SubResource("ConcavePolygonShape3D_gjw30")

[node name="Col_Cliff-Front" type="CollisionShape3D" parent="Ground"]
transform = Transform3D(0, 0, -1, 0, 1, 0, 1, 0, 0, 41.6496, -7.7, 13.3291)
shape = SubResource("ConvexPolygonShape3D_qwi2u")

[node name="cliff_front_01" parent="." instance=ExtResource("1_s4e1d")]
transform = Transform3D(1, 0, 0, 0, 1, 0, 0, 0, 1, 0.658, -7.495, 21.33)

[node name="Cow_Barn_02" parent="." instance=ExtResource("2_ah7l2")]
transform = Transform3D(1, 0, 0, 0, 1, 0, 0, 0, 1, -6.21513, 0, -1.62934)

[node name="Cow_Barn_03" parent="." instance=ExtResource("2_ah7l2")]
transform = Transform3D(-4.37114e-08, 0, -1, 0, 1, 0, 1, 0, -4.37114e-08, 12.1941, 0, -1.62934)

[node name="Cow_Barn_04" parent="." instance=ExtResource("2_ah7l2")]
transform = Transform3D(-4.37114e-08, 0, 1, 0, 1, 0, -1, 0, -4.37114e-08, -18.5979, 0, 3.6516)

[node name="Cow_01-03_08" parent="." instance=ExtResource("3_hkm1l")]
transform = Transform3D(-0.875363, 0, 0.483466, 0, 1, 0, -0.483466, 0, -0.875363, 9.07813, 1.19209e-07, 0.10884)

[node name="Cow_01-03_09" parent="." instance=ExtResource("3_hkm1l")]
transform = Transform3D(0.298374, 0, -0.954449, 0, 1, 0, 0.954449, 0, 0.298374, 7.63168, 1.19209e-07, -0.690042)

[node name="Cow_01-03_10" parent="." instance=ExtResource("3_hkm1l")]
transform = Transform3D(0.633813, 0, -0.773486, 0, 1, 0, 0.773486, 0, 0.633813, 7.68704, 1.19209e-07, 1.75319)

[node name="Cow_01-03_11" parent="." instance=ExtResource("3_hkm1l")]
transform = Transform3D(-0.520607, 0, -0.853796, 0, 1, 0, 0.853796, 0, -0.520607, 5.74652, 1.19209e-07, 2.29156)

[node name="Cow_01-03_12" parent="." instance=ExtResource("3_hkm1l")]
transform = Transform3D(-0.590352, 0, -0.807146, 0, 1, 0, 0.807146, 0, -0.590352, 5.28435, 1.19209e-07, -0.759806)

[node name="Cow_01-03_13" parent="." instance=ExtResource("3_hkm1l")]
transform = Transform3D(0.984534, 0, 0.175195, 0, 1, 0, -0.175195, 0, 0.984534, 4.30885, 1.19209e-07, 0.573926)

[node name="Cow_01-03_14" parent="." instance=ExtResource("3_hkm1l")]
transform = Transform3D(0.847474, 0, 0.530837, 0, 1, 0, -0.530837, 0, 0.847474, 6.73945, 1.19209e-07, 0.828185)

[node name="Cow_01-03_15" parent="." instance=ExtResource("3_hkm1l")]
transform = Transform3D(0.781052, 0, -0.624466, 0, 1, 0, 0.624466, 0, 0.781052, 7.02792, 1.19209e-07, 2.82124)

[node name="Cow_01-03_16" parent="." instance=ExtResource("3_hkm1l")]
transform = Transform3D(0.675655, 0, -0.737218, 0, 1, 0, 0.737218, 0, 0.675655, 4.13701, 1.19209e-07, 4.27644)

[node name="Cow_01-03_17" parent="." instance=ExtResource("3_hkm1l")]
transform = Transform3D(0.0213438, 0, 0.999772, 0, 1, 0, -0.999772, 0, 0.0213438, 5.25347, 1.19209e-07, 5.49463)

[node name="Cow_01-03_18" parent="." instance=ExtResource("3_hkm1l")]
transform = Transform3D(-0.354275, 0, 0.935142, 0, 1, 0, -0.935142, 0, -0.354275, 5.97959, 1.19209e-07, 3.16114)

[node name="Cow_01-03_19" parent="." instance=ExtResource("3_hkm1l")]
transform = Transform3D(0.765551, 0, 0.643376, 0, 1, 0, -0.643376, 0, 0.765551, 7.99051, 1.19209e-07, 3.26924)

[node name="Cow_01-03_20" parent="." instance=ExtResource("3_hkm1l")]
transform = Transform3D(0.675655, 0, -0.737218, 0, 1, 0, 0.737218, 0, 0.675655, 4.13701, 1.19209e-07, -3.54207)

[node name="Cow_01-03_21" parent="." instance=ExtResource("3_hkm1l")]
transform = Transform3D(0.0213438, 0, 0.999772, 0, 1, 0, -0.999772, 0, 0.0213438, 5.25347, 1.19209e-07, -2.32388)

[node name="Cow_01-03_22" parent="." instance=ExtResource("3_hkm1l")]
transform = Transform3D(-0.354275, 0, 0.935142, 0, 1, 0, -0.935142, 0, -0.354275, 5.97959, 1.19209e-07, -4.65737)

[node name="Cow_01-03_23" parent="." instance=ExtResource("3_hkm1l")]
transform = Transform3D(0.765551, 0, 0.643376, 0, 1, 0, -0.643376, 0, 0.765551, 7.99051, 1.19209e-07, -4.54927)

[node name="Cow_01-03_24" parent="." instance=ExtResource("3_hkm1l")]
transform = Transform3D(0.984534, 0, 0.175195, 0, 1, 0, -0.175195, 0, 0.984534, -14.0701, 1.19209e-07, 0.573926)

[node name="Cow_01-03_25" parent="." instance=ExtResource("3_hkm1l")]
transform = Transform3D(0.847474, 0, 0.530837, 0, 1, 0, -0.530837, 0, 0.847474, -11.6395, 1.19209e-07, 0.828185)

[node name="Cow_01-03_26" parent="." instance=ExtResource("3_hkm1l")]
transform = Transform3D(0.781052, 0, -0.624466, 0, 1, 0, 0.624466, 0, 0.781052, -11.351, 1.19209e-07, 2.82124)

[node name="Cow_01-03_27" parent="." instance=ExtResource("3_hkm1l")]
transform = Transform3D(0.675655, 0, -0.737218, 0, 1, 0, 0.737218, 0, 0.675655, -14.2419, 1.19209e-07, 4.27644)

[node name="Cow_01-03_28" parent="." instance=ExtResource("3_hkm1l")]
transform = Transform3D(0.0213438, 0, 0.999772, 0, 1, 0, -0.999772, 0, 0.0213438, -13.1255, 1.19209e-07, 5.49463)

[node name="Cow_01-03_29" parent="." instance=ExtResource("3_hkm1l")]
transform = Transform3D(-0.354275, 0, 0.935142, 0, 1, 0, -0.935142, 0, -0.354275, -12.3993, 1.19209e-07, 3.16114)

[node name="Cow_01-03_30" parent="." instance=ExtResource("3_hkm1l")]
transform = Transform3D(0.765551, 0, 0.643376, 0, 1, 0, -0.643376, 0, 0.765551, -10.3884, 1.19209e-07, 3.26924)

[node name="Cow_01-03_31" parent="." instance=ExtResource("3_hkm1l")]
transform = Transform3D(0.675655, 0, -0.737218, 0, 1, 0, 0.737218, 0, 0.675655, -14.2419, 1.19209e-07, -3.54207)

[node name="Cow_01-03_32" parent="." instance=ExtResource("3_hkm1l")]
transform = Transform3D(0.0213438, 0, 0.999772, 0, 1, 0, -0.999772, 0, 0.0213438, -13.1255, 1.19209e-07, -2.32388)

[node name="Cow_01-03_33" parent="." instance=ExtResource("3_hkm1l")]
transform = Transform3D(-0.354275, 0, 0.935142, 0, 1, 0, -0.935142, 0, -0.354275, -12.3993, 1.19209e-07, -4.65737)

[node name="Cow_01-03_34" parent="." instance=ExtResource("3_hkm1l")]
transform = Transform3D(0.765551, 0, 0.643376, 0, 1, 0, -0.643376, 0, 0.765551, -10.3884, 1.19209e-07, -4.54927)

[node name="Cow_01-03_35" parent="." instance=ExtResource("3_hkm1l")]
transform = Transform3D(-0.896795, 0, 0.442445, 0, 1, 0, -0.442445, 0, -0.896795, -0.766643, 1.19209e-07, 4.31882)

[node name="Cow_01-03_36" parent="." instance=ExtResource("3_hkm1l")]
transform = Transform3D(-0.997201, 0, 0.07477, 0, 1, 0, -0.07477, 0, -0.997201, -2.57357, 1.19209e-07, 2.67339)

[node name="Cow_01-03_37" parent="." instance=ExtResource("3_hkm1l")]
transform = Transform3D(-0.258937, 0, 0.965894, 0, 1, 0, -0.965894, 0, -0.258937, -1.6246, 1.19209e-07, 0.897179)

[node name="Cow_01-03_38" parent="." instance=ExtResource("3_hkm1l")]
transform = Transform3D(-0.107218, 0, 0.994236, 0, 1, 0, -0.994236, 0, -0.107218, 1.5663, 1.19209e-07, 1.43863)

[node name="Cow_01-03_39" parent="." instance=ExtResource("3_hkm1l")]
transform = Transform3D(-0.609772, 0, -0.792577, 0, 1, 0, 0.792577, 0, -0.609772, 1.38913, 1.19209e-07, -0.204252)

[node name="Cow_01-03_40" parent="." instance=ExtResource("3_hkm1l")]
transform = Transform3D(-0.268937, 0, -0.963158, 0, 1, 0, 0.963158, 0, -0.268937, -0.578792, 1.19209e-07, 1.24478)

[node name="Cow_01-03_41" parent="." instance=ExtResource("3_hkm1l")]
transform = Transform3D(-0.997922, 0, -0.0644277, 0, 1, 0, 0.0644277, 0, -0.997922, -2.13433, 1.19209e-07, -0.0341892)

[node name="Cow_01-03_42" parent="." instance=ExtResource("3_hkm1l")]
transform = Transform3D(-0.107218, 0, 0.994236, 0, 1, 0, -0.994236, 0, -0.107218, -3.06786, 1.19209e-07, 7.73574)

[node name="Cow_01-03_43" parent="." instance=ExtResource("3_hkm1l")]
transform = Transform3D(-0.609772, 0, -0.792577, 0, 1, 0, 0.792577, 0, -0.609772, -3.24502, 1.19209e-07, 6.09286)

[node name="Cow_01-03_44" parent="." instance=ExtResource("3_hkm1l")]
transform = Transform3D(-0.268937, 0, -0.963158, 0, 1, 0, 0.963158, 0, -0.268937, -5.21295, 1.19209e-07, 7.5419)

[node name="Cow_01-03_45" parent="." instance=ExtResource("3_hkm1l")]
transform = Transform3D(-0.997922, 0, -0.0644277, 0, 1, 0, 0.0644277, 0, -0.997922, -6.76849, 1.19209e-07, 6.26293)
